[0;1;30;40m%S[0;32;40mt[0;1;30;40m@[0;31;40mt[0;1;30;40m@[0;32;40mt[0;1;30;40m@[0;31;40mt[0;1;30;40m@[0;32;40mt[0;1;30;40m@[0;31;40mt[0;1;30;40m@SSSSSSSSSSSSXSXSXSXSXSXSXXXXXXXXXXX@XXXXX@X@XXXX@XXX@XXXXXXXXXXXXXXXSXXSXXSXXXSXSXSSSSSSSSSSSSSSSSSSSSSS[0;32;40mt[0;1;30;40mX[0m
[0;1;30;40mSSXSXSXXXXXXXSSSXSXXSXXXXXXXXXXXXXX@X@X@@X@@@@@@@@@@@@@@@@@8@@@@@@@@@@@@@@X@@X@X@X@XX@XX@XXXXXXXXXXXXXXSXSXSSSSSSSS[0;32;40mt[0;1;30;40mXSX[0;31;40m%[0m
[0;1;30;40mSSSSXXSXXSXXXXXXXXXXXX@X@X@@@@@@@@@@@@8@@88@888888888888888888888888888@88@8@8@8@@@8@@@@@@@@@@@@@X@XXXX@XXXXXXXXXXXXSSXX[0m
[0;1;30;40mSXSXSXSXXXSXXXXXX@@@@@X@@@@@@@@@8@8@88@8888888888888888888888888888888888888888@888@8@8@@8@@8@@@@@X@@@XX@XXXXXX[0;32;40m%[0;1;30;40mXX[0;31;40m%[0;1;30;40m8XXSS[0m
[0;1;30;40mSXXXXXXXXXXXX@@X@@X@@@@@@@8@888888888888888888888888[0;5;30;40m8[0;1;30;40m888[0;5;30;40m8[0;1;30;40m88[0;5;30;40m8[0;1;30;40m8[0;5;30;40m8[0;1;30;40m8[0;5;30;40m8[0;1;30;40m8[0;5;30;40m8[0;1;30;40m8888888888888888888888888888@8@@8@@@@@X@X@XXX@X@@SXXXS[0m
[0;1;30;40mSXX[0;31;40m%[0;1;30;40m@XXX@X@X@@@@@@@8@888888888888888888888[0;5;30;40m8[0;1;30;40m8[0;5;30;40m8[0;1;30;40m8[0;5;30;40m88888[0;1;30;40m8[0;5;30;40m888[0;1;30;40m8[0;5;30;40m88[0;1;30;40m8[0;5;30;40m8[0;1;30;40m8[0;5;30;40m88[0;1;30;40m8[0;5;30;40m8[0;1;30;40m8[0;5;30;40m88[0;1;30;40m8[0;5;30;40m8[0;1;30;40m8[0;5;30;40m8[0;1;30;40m8[0;5;30;40m8[0;1;30;40m88[0;5;30;40m8[0;1;30;40m888888888888888888888@8@@8@@@@@@@XXX@XXXXXX[0m
[0;1;30;40mSXXXXXX@X@@@@@@@@@88@8888888888888888[0;5;30;40m8[0;1;30;40m8[0;5;30;40m88[0;1;30;40m8[0;5;30;40m8[0;1;30;40m8[0;5;30;40m8[0;1;30;40m8[0;5;30;40m8[0;1;30;40m8[0;5;30;40m8[0;1;30;40m8[0;5;30;40m88[0;1;30;40m8[0;5;30;40m8[0;1;30;40m8[0;5;30;40m@[0;1;30;40m8[0;5;30;40m8888[0;1;30;40m8[0;5;30;40m88[0;1;30;40m8[0;5;30;40m@[0;1;30;40m8[0;5;30;40m8[0;1;30;40m8[0;5;30;40m88[0;1;30;40m8[0;5;30;40m8[0;1;30;40m8[0;5;30;40m8[0;1;30;40m8[0;5;30;40m8[0;1;30;40m8[0;5;30;40m88[0;1;30;40m8[0;5;30;40m8[0;1;30;40m8[0;5;30;40m8[0;1;30;40m88888888888888888@8@8@@@[0;31;40m%[0;1;30;40m@8@@X@X[0;32;40m%[0;1;30;40mX[0;31;40m%[0;1;30;40m@[0m
[0;1;30;40mXXXXXX@X@@X@@@@@8@888[0;31;40mS[0;1;30;40m88888888888[0;5;30;40m8[0;1;30;40m8[0;5;30;40m8[0;1;30;40m8[0;5;30;40m8[0;1;30;40m88[0;5;30;40m8[0;1;30;40m8[0;5;30;40m88[0;1;30;40m8[0;5;30;40m@[0;1;30;40m8[0;5;30;40m@88[0;1;30;40m8[0;5;30;40m@8888888[0;1;30;40m8[0;5;30;40m@888888888[0;1;30;40m8[0;5;30;40m@88[0;1;30;40m8[0;5;30;40m8[0;1;30;40m8[0;5;30;40m@[0;1;30;40m8[0;5;30;40m8[0;1;30;40m8[0;5;30;40m8[0;1;30;40m8[0;5;30;40m8[0;1;30;40m8[0;5;30;40m8[0;1;30;40m8[0;5;30;40m8[0;1;30;40m8[0;5;30;40m8[0;1;30;40m88888888888888@8@8@@@@@[0;31;40m%[0;1;30;40m@@@@@S[0m
[0;1;30;40mXXXX@X@@@@@@888888888[0;5;30;40m8[0;1;30;40m88888[0;5;30;40m8[0;1;30;40m8[0;5;30;40m8888[0;1;30;40m8[0;5;30;40m@[0;1;30;40m8[0;5;30;40m@[0;1;30;40m8[0;5;30;40mX88888@8@88@@8@8@@@8@@@@@@8@@8@@@88@@@@888888888888[0;1;30;40m8[0;5;30;40m@888[0;1;30;40m888888888888888@@@@@@@X@XX[0m
[0;1;30;40mXX@X@@@[0;32;40mS[0;1;30;40m@88@8@888888888[0;5;30;40m8[0;1;30;40m88[0;31;40mS[0;1;30;40m@8[0;31;40mS[0;1;30;40m88[0;31;40mS[0;1;30;40m88888[0;31;40mX[0;1;30;40m88888888888888888888888888888888888888888[0;31;40m@[0;1;30;40m888[0;31;40mX[0;1;30;40m888[0;31;40mS[0;1;30;40m88[0;31;40mS[0;1;30;40m@[0;32;40mS[0;5;30;40m888[0;1;30;40m8888888888888@8@@@@XXXX[0m
[0;1;30;40mXX@X@[0;32;40mS[0;1;30;40m88@@@888888888888[0;5;33;40mt[0;5;37;40m8[0;1;30;47m;[0;1;37;47m:t%t%tt%%%%SSSSXXSXXX@@@@888@8888888888888888888888@88@888@8@@@@@@8t[0;1;30;47m;[0;5;37;40m@[0;5;33;40mS[0;1;30;40m88[0;5;30;40m@[0;1;30;40m88888888888@@@@@@X@X[0m
[0;1;30;40mX@X@@@@@888888888888[0;5;33;40mt[0;1;30;47m:[0;1;37;47m@S%tt%%%%%%%%SSXX@@@8888888[0;5;37;47m8[0;1;37;47m8[0;5;37;47m8[0;1;37;47m8[0;5;37;47m8888@@888@@@@@@@@@@@888888@88[0;1;37;47m8[0;5;37;47m8[0;1;37;47m888888[0;5;37;47m8[0;1;37;47m8[0;5;37;47mXSX@S@[0;1;30;47m.[0;5;33;40m%[0;1;30;40m@[0;5;30;40m8[0;1;30;40m8[0;5;30;40m8[0;1;30;40m888888888@@@@@[0;32;40m%[0;1;30;40m@[0m
[0;1;30;40mX@@@@@@888888888888[0;1;30;47m@[0;5;37;47m@[0;1;37;47m;;S%[0;1;30;47mX[0;5;33;40m.t%[0;5;30;40mX[0;5;33;40mX[0;5;30;40mX[0;5;33;40m%[0;5;30;40mX[0;5;33;40mS[0;5;30;40mX[0;5;33;40mS[0;5;30;40mX[0;5;33;40mS[0;5;30;40mX[0;5;33;40m%[0;5;30;40mX[0;5;33;40m%[0;5;31;40mS[0;5;32;40mS[0;5;31;40mS[0;5;33;40m%%[0;5;31;40mS[0;5;33;40m%%%[0;5;35;40mt[0;5;33;40mX%[0;5;31;40mS[0;5;33;40m%[0;5;31;40m%[0;5;33;40m%%[0;5;35;40mt[0;5;33;40mX[0;5;31;40mS[0;5;33;40mS%[0;5;35;40m%[0;5;33;40m@t[0;5;35;40mt[0;5;33;40mX[0;5;35;40mt[0;5;33;40mSt[0;5;35;40mt[0;5;33;40mXttttt;t;tt[0;5;32;40m%[0;5;33;40m%[0;5;30;40mS[0;5;33;40m%[0;5;30;40mX[0;5;33;40m%[0;5;36;40m%[0;5;33;40mX[0;5;35;40m [0;1;37;47m [0;5;37;47mSS8@.[0;1;30;47m8[0;1;30;40m@[0;5;30;40m8[0;1;30;40m88[0;5;30;40m8[0;1;30;40m88888888@8[0;32;40m%[0;1;30;40m8@X[0m
[0;1;30;40mX@@@@8@8888888888[0;5;31;40mS[0;1;30;47mt[0;1;37;47m8%S[0;1;30;47mX[0;5;33;40mS[0;5;30;40m8[0;5;33;40m [0;1;30;47m8St[0;1;37;47m [0;1;30;47mS[0;5;36;40m.[0;5;37;40m@88[0;1;30;47m888@X8X@XXS@S%S@StS%t;:%tt;::..:........[0;1;37;47m  ....  [0;1;30;47m::;S8[0;5;36;40m [0;1;37;47m;tt:[0;1;30;47m.[0;5;37;40mX[0;5;35;40m;[0;5;33;40m.[0;1;37;47m:[0;5;37;47mX@;[0;1;30;47m [0;5;30;40m88[0;1;30;40m88[0;5;30;40m8[0;1;30;40m8888888[0;32;40mS[0;1;30;40m88X@X[0m
[0;1;30;40m@@@@8@8888888[0;5;30;40m8[0;1;30;40m88[0;5;33;40mX[0;1;37;47mtt%[0;1;30;47m:[0;5;30;40m8[0;5;33;40mt[0;1;30;47mt[0;1;37;47m@@SSS8;[0;5;36;40m [0;1;30;47m:[0;1;37;47m:%SS@@@888[0;5;37;47m8[0;1;37;47m8[0;5;37;47m88888@@@@@@@@@@XXXXSXXXXXSSSSXXSSXSSSXX88[0;1;37;47mS[0;1;30;47m;[0;5;35;40m [0;1;37;47m8[0;5;37;47mS8@88X[0;1;37;47mS[0;5;33;40mt[0;5;30;40mX[0;1;37;47m@[0;5;37;47mX%[0;1;37;47m@[0;5;30;40mX[0;1;30;40m8[0;5;30;40m@[0;1;30;40m8[0;5;30;40m8[0;1;30;40m8888888@@@@@[0m
[0;1;30;40m@@@@888888888[0;5;30;40m88[0;1;30;40m8[0;1;30;47mS[0;1;37;47m;:;[0;32;40m%[0;5;35;40mt[0;1;30;47m:[0;1;37;47mS[0;5;37;47mttt[0;1;37;47mtS8t[0;5;36;40m.[0;1;30;47m%[0;1;37;47m.t%SX@@88[0;5;37;47m8[0;1;37;47m8[0;5;37;47m8[0;1;37;47m8[0;5;37;47m888888@888@8@8@@8@8XS@@@8XXX@X@@XXXX@88[0;1;37;47m@t[0;1;30;47mX[0;5;35;40m:[0;1;37;47mX[0;5;37;47mX8[0;1;37;47m8[0;5;37;47m;;;8[0;1;37;47mS[0;5;30;40mS8[0;5;37;47m8[0;1;37;47m8[0;5;37;47mt[0;1;30;47m%[0;1;30;40m8[0;5;30;40m8[0;1;30;40m8[0;5;30;40m8[0;1;30;40m8[0;5;30;40m@[0;1;30;40m888888@@@@[0m
[0;1;30;40m@@88888888[0;5;30;40m8[0;1;30;40m8[0;5;30;40m8[0;1;30;40m88[0;5;33;40mS[0;1;37;47m:[0;1;30;47m:[0;1;37;47mt[0;5;37;40mX[0;31;40mt[0;5;37;40m8[0;1;30;47m8[0;1;37;47m%[0;5;37;47m@[0;1;37;47m@[0;5;37;47mX[0;5;37;40m@[0;1;30;47mt[0;1;37;47m8.[0;5;33;40mt[0;1;30;47m8.[0;1;37;47m;t%SXX@8888[0;5;37;47m8[0;1;37;47m8[0;5;37;47m8[0;1;37;47m8[0;5;37;47m888888[0;1;37;47m88@@XX@888[0;5;37;47m8@@@X@88@@@@8@@@888[0;1;37;47m8S:[0;5;37;40m@[0;5;30;40mX[0;1;37;47m@[0;5;37;47m@[0;1;30;47mt[0;5;37;40m8[0;5;37;47mS[0;1;37;47m8[0;5;37;47mS[0;1;37;47mt:[0;1;30;47m@[0;31;40m:[0;1;30;47mX[0;5;37;47m@[0;1;37;47m8@[0;5;30;40mS[0;1;30;40m8[0;5;30;40m@[0;1;30;40m8[0;5;30;40m@[0;1;30;40m88[0;5;30;40m8[0;1;30;40m888888@@[0m
[0;1;30;40m@8@88888888[0;5;30;40m8[0;1;30;40m8[0;5;30;40m@[0;1;30;40m@[0;5;33;40m [0;1;37;47mt[0;1;30;47mS[0;1;37;47m;[0;5;33;40m.[0;5;30;40m@[0;1;30;47m8[0;5;37;40mX[0;5;30;40mX8X8[0;5;33;40m [0;1;37;47m.@.[0;5;30;40m@[0;1;30;47m8;[0;1;37;47m.t%%SXX@8@@88X[0;1;30;47m.[0;5;37;40m8[0;5;36;40m t[0;5;30;40m88X[0;5;33;40m%[0;5;36;40m;[0;5;33;40m:.   .:;[0;5;30;40mX@8@[0;5;33;40m:[0;5;36;40m [0;1;30;47mX[0;1;37;47m;8[0;5;37;47m@@8888[0;1;37;47m8[0;5;37;47m8[0;1;37;47m8@Xt[0;1;30;47m.[0;5;33;40m [0;5;30;40mX[0;1;37;47m8[0;5;37;47m8[0;1;37;47m;[0;5;33;40m [0;5;30;40mX[0;5;31;40mS[0;5;30;40m@[0;5;37;40mX[0;1;30;47m.:[0;5;30;40m@[0;5;33;40m [0;5;37;47m8[0;1;37;47m:8[0;5;33;40m;[0;1;30;40m8[0;5;30;40m@8[0;1;30;40m8[0;5;30;40m@[0;1;30;40m888888888@[0m
[0;1;30;40m@8888888[0;5;30;40m8[0;1;30;40m8[0;5;30;40m8[0;1;30;40m8[0;5;30;40m8[0;1;30;40m88[0;5;33;40m [0;1;37;47mt[0;1;30;47mS[0;1;37;47mt[0;5;33;40m.[0;1;30;40m8[0;5;37;40mS[0;5;36;40m [0;5;33;40m  [0;5;37;40m@8[0;1;30;47m@@%8[0;5;30;40mX[0;5;37;40m8[0;1;30;47mt [0;1;37;47m:;ttSSSX88[0;1;30;47mt[0;5;30;40mX[0;32;40m  [0;5;30;40m8[0;5;37;40m8[0;1;37;47m.8[0;5;37;47mt%SSt:.    . .;[0;1;37;47m8[0;1;30;47m [0;5;33;40m [0;1;30;40m8[0;32;40m.[0;31;40m.[0;5;33;40mt[0;1;30;47m;[0;5;37;47m@8[0;1;37;47m888XXX%;[0;1;30;47m:[0;5;33;40m [0;5;30;40m8[0;1;30;47m%:tX[0;5;37;40m8X@888[0;1;30;40m8[0;5;33;40m [0;1;37;47m8.@[0;5;33;40m [0;1;30;40m8[0;5;30;40m@8[0;1;30;40m8[0;5;30;40m8[0;1;30;40m8[0;5;30;40m@[0;1;30;40m8[0;5;30;40m8[0;1;30;40m88888@[0m
[0;1;30;40m@8888888[0;5;30;40m8[0;1;30;40m88[0;5;30;40m8[0;1;30;40m8[0;5;31;40m@[0;1;30;40m@[0;5;33;40m [0;1;37;47m%[0;1;30;47mS[0;1;37;47m;[0;5;33;40m [0;32;40m:[0;1;30;40m88[0;5;30;40m8[0;1;30;40m8888[0;5;30;40m@[0;31;40mt[0;32;40m:[0;5;30;40m8[0;5;37;40m8[0;1;30;47mX;[0;1;37;47m .;t%%t[0;1;30;47mX[0;5;33;40m:[0;1;30;40m@[0;5;30;40mX[0;5;33;40m.[0;1;30;47m:[0;1;37;47mt8[0;1;33;47mS[0;5;37;47m8[0;5;37;43m8[0;1;33;47mS[0;33;47m88[0;37;43mX[0;1;30;43m888888[0;37;43m@8[0;33;47m8[0;1;33;47m8S[0;5;37;47m%. [0;1;37;47m88[0;33;47mX[0;5;33;40m S[0;34;40m%[0;5;33;40m:[0;1;30;47mt[0;1;37;47mXXX@S%;[0;1;30;47mt[0;5;33;40m [0;1;30;40m@[0;31;40m [0;1;30;40m@[0;5;30;40mX88888[0;1;30;40m8[0;5;30;40m8[0;32;40m:[0;5;37;40mS[0;1;37;47m@[0;1;30;47m:[0;1;37;47mX[0;5;33;40m [0;5;30;40m8@[0;1;30;40m8[0;5;30;40m@[0;1;30;40m8[0;5;30;40m@[0;1;30;40m888888888[0m
[0;1;30;40m8888888[0;5;30;40m8[0;1;30;40m8[0;5;30;40m8[0;1;30;40m8[0;5;30;40m8[0;1;30;40m8[0;5;30;40m8[0;1;30;40m8[0;5;33;40m [0;1;37;47m%[0;1;30;47mX[0;1;37;47m.[0;5;33;40m [0;5;31;40mX[0;5;37;40m8[0;1;30;47mXS;.[0;1;37;47m.:8[0;5;36;40m [0;32;40m.[0;5;35;40m%[0;5;33;40m [0;1;30;47m%;:.. 8[0;5;33;40mX[0;34;40mt[0;5;33;40mS[0;1;30;47m8[0;1;37;47m:[0;1;33;47mS[0;1;37;47m%[0;37;43m8[0;1;30;43m8[0;5;33;40m8[0;1;30;41m8[0;31;40mXX8[0;1;30;40m8[0;30;41m8[0;5;30;40m8[0;5;31;40m8[0;5;30;40m8[0;5;31;40m8[0;5;30;40m@88[0;31;40mX[0;1;30;40m88[0;31;40mS%tX[0;31;43m@[0;1;30;43m@[0;33;47m8[0;1;37;47mX[0;5;37;47mS[0;1;37;47m8[0;5;37;47mX[0;33;47m@[0;5;33;40mt[0;31;40m%[0;5;36;40m [0;1;30;47m:[0;1;37;47mXSt:[0;1;30;47m:[0;5;37;40m@[0;5;31;40mS[0;32;40m [0;5;33;40m [0;5;37;47m@[0;1;37;47m%%;:[0;1;30;47m .X[0;5;30;40m8[0;5;33;40m [0;1;37;47m@[0;1;30;47m:[0;1;37;47mS[0;5;33;40m.[0;5;30;40m8@@[0;1;30;40m8[0;5;30;40m@[0;1;30;40m8[0;5;30;40m@[0;1;30;40m8[0;5;30;40m@[0;1;30;40m888888[0m
[0;1;30;40m88888[0;5;30;40m8[0;1;30;40m88[0;5;30;40m8[0;1;30;40m8[0;5;30;40m8[0;1;30;40m8[0;5;30;40m@88[0;5;33;40m [0;1;37;47m:[0;1;30;47m8[0;1;37;47m.[0;5;33;40m [0;5;32;40mS[0;5;37;40m8[0;1;30;47m%;. [0;1;37;47m.:8[0;5;33;40m.[0;32;40m;[0;5;33;40m:[0;5;37;40m8[0;1;30;47mX%%%t[0;5;31;40mS[0;32;40m [0;5;33;40mt[0;1;30;47m.[0;33;47m@[0;1;33;47mXS[0;5;33;40m;[0;30;41m@[0;31;40m%%[0;1;30;40m8[0;5;30;40mS[0;5;33;40m%[0;5;36;40m%[0;5;35;40m;[0;5;33;40m.[0;1;30;47m8t [0;1;37;47mt%St;[0;1;30;47m.@[0;5;33;40m  %[0;5;32;40m@[0;5;30;40mX[0;1;30;40m@[0;32;40mt[0;31;40m;;[0;30;41m8[0;33;47m8[0;5;37;47m;[0;1;33;47mX[0;5;37;47m%[0;1;37;47m8[0;5;31;40mX[0;32;40m [0;5;33;40m [0;1;37;47m8S:[0;1;30;47m;[0;5;37;40m8[0;5;33;40mt[0;32;40m:[0;5;37;40mS[0;5;37;47m8[0;1;37;47mSS%;;[0;1;30;47m t[0;5;31;40mX[0;5;36;40m [0;1;37;47mX[0;1;30;47mt[0;1;37;47mt[0;5;33;40m.[0;1;30;40m8[0;5;30;40m@8@[0;1;30;40m8[0;5;30;40m@[0;1;30;40m8[0;5;30;40m@[0;1;30;40m88[0;5;30;40m@[0;1;30;40m8888[0m
[0;1;30;40m888888[0;5;30;40m8[0;1;30;40m8[0;5;30;40m8[0;1;30;40m8[0;5;30;40m88[0;1;30;40m8[0;5;30;40mX[0;1;30;40m8[0;5;33;40m [0;1;37;47m;[0;5;37;40m8[0;1;37;47m:[0;5;33;40m [0;5;34;40mS[0;5;37;40m8[0;1;30;47mt;:.[0;1;37;47m.:@[0;5;33;40m [0;1;30;40mX[0;5;33;40m.[0;5;37;40m8[0;1;30;47mXXS[0;5;33;40m [0;1;30;40m@[0;5;30;40mX[0;5;37;40m8[0;33;47mX[0;1;33;47mX[0;1;30;47m8[0;5;31;40m8[0;31;40m8[0;1;30;40m8[0;5;30;40m@[0;5;32;40mS[0;5;35;40mS[0;5;33;40m.[0;1;30;47m8:[0;1;37;47mt88[0;5;37;47m;[0;1;37;47m8[0;5;37;47m;[0;5;37;43mS[0;5;37;47mS%[0;5;1;37;43m8[0;5;37;47mt:  [0;1;37;47m88t[0;1;30;47m:[0;5;37;40m8[0;5;33;40m:S[0;5;30;40m8[0;32;40m@[0;31;40m@[0;30;41m8[0;1;30;43m8[0;1;37;47mX[0;1;33;47m@[0;1;37;47m8[0;1;30;47mt[0;5;30;40m@@[0;1;30;47mt[0;1;37;47m.[0;1;30;47mt[0;5;37;40m8[0;5;36;40m.[0;31;40m;[0;5;37;40mS[0;1;37;47m8S%%;[0;1;30;47m .t[0;5;32;40m@[0;5;35;40m [0;1;37;47m%[0;1;30;47m%[0;1;37;47m;[0;5;33;40m [0;5;30;40m@@888[0;1;30;40m8[0;5;30;40m@[0;1;30;40m8[0;5;30;40m@[0;1;30;40m888888[0m
[0;1;30;40m888[0;5;30;40m8[0;1;30;40m8[0;5;30;40m8[0;1;30;40m8[0;5;30;40m@[0;1;30;40m8[0;5;30;40m@[0;1;30;40m8[0;5;30;40m@8@@[0;5;33;40m:[0;1;37;47m:[0;1;30;47m8 [0;5;33;40m:X[0;1;30;47m@X;:  [0;1;37;47m.X[0;5;33;40m.[0;1;30;40mS[0;5;33;40m [0;5;37;40m8[0;1;30;47m@[0;5;33;40m [0;5;30;40m8[0;5;31;40m@[0;5;37;40m8[0;33;47m88[0;5;37;40m@[0;30;41mX[0;31;40mS[0;5;30;40mX[0;5;33;40mt[0;5;35;40mt[0;5;33;40m [0;1;30;47mt[0;1;37;47m%@[0;1;33;47mX[0;1;37;47mt[0;1;33;47m8[0;1;30;43m88S[0;33;41mX[0;31;40m@[0;5;30;40m8[0;31;40m8@@8[0;32;43m8[0;33;41m@[0;1;30;43m@8[0;1;37;47mS[0;1;33;47m@[0;5;37;47m%t[0;1;37;47m8@[0;1;30;47mt[0;5;33;40m ;[0;5;32;40mS[0;31;40mX%[0;5;33;40m8[0;33;47m8[0;1;33;47mS[0;1;37;47mS[0;33;47m8[0;31;40mX[0;5;33;40m:[0;1;30;47m%[0;5;37;40m8[0;5;33;40m.[0;32;40mt[0;5;37;40mS[0;1;37;47m8%%;:.[0;1;30;47m.S[0;5;30;40m@[0;5;35;40m [0;1;37;47m%[0;1;30;47mS[0;1;37;47mt[0;5;33;40m.[0;5;30;40m8@@88@[0;1;30;40m8[0;5;30;40m@[0;1;30;40m8[0;5;30;40m@[0;1;30;40m8[0;5;30;40m8[0;1;30;40m888[0m
[0;1;30;40m88888[0;5;30;40m8[0;1;30;40m8[0;5;30;40m8[0;1;30;40m8[0;5;30;40m@[0;1;30;40m8[0;5;30;40m8[0;1;30;40m8[0;5;30;40mX[0;1;30;40m8[0;5;33;40m [0;1;37;47m.[0;1;30;47m8.[0;5;35;40m.[0;5;34;40mX[0;1;30;47m@S;:. [0;1;37;47m.S[0;5;33;40m [0;1;30;40mX[0;5;33;40m.[0;5;37;40m8X[0;31;40mt[0;5;33;40mX[0;1;30;47m%[0;1;30;43m8[0;1;37;47m:[0;1;30;43mX[0;31;40m%[0;5;30;40m8[0;5;33;40mt[0;5;34;40mS[0;5;33;40mS[0;1;30;47m [0;1;37;47m@[0;33;47m8[0;1;33;47m@X[0;5;33;40m%[0;30;41m8[0;31;40m:%:[0;34;40m;[0;32;40mS[0;5;30;40m8[0;1;30;40m88[0;5;32;40m8[0;1;30;40m88[0;34;40mt[0;32;40mt[0;34;40m:[0;31;40mt;t[0;31;43m8[0;33;47m8[0;5;37;47m.[0;5;37;43m@[0;5;37;47m@;[0;1;30;47m.[0;5;33;40mt [0;1;30;40m8[0;31;40m;t[0;37;43m8[0;1;33;47mS[0;1;37;47m.S[0;31;40m%[0;5;33;40mX[0;5;37;40m8[0;5;35;40m.[0;34;40mt[0;5;33;40m [0;1;37;47m8t;:[0;1;30;47m  .%[0;5;31;40mX[0;5;36;40m [0;1;37;47m%[0;1;30;47mS[0;1;37;47m:[0;5;33;40m.[0;5;30;40m8@@8888[0;1;30;40m8[0;5;30;40m@[0;1;30;40m8[0;5;30;40m8[0;1;30;40m8888[0m
[0;1;30;40m88[0;5;30;40m8[0;1;30;40m8[0;5;30;40m8[0;1;30;40m8[0;5;30;40m8[0;1;30;40m8[0;5;30;40m@[0;1;30;40m8[0;5;30;40m@8@@@[0;5;33;40m:[0;1;30;47m 8:[0;5;33;40m:[0;5;31;40mS[0;1;30;47m8%%;:..[0;1;37;47mS[0;5;33;40m.[0;31;40m%[0;5;36;40m.[0;5;33;40m.[0;1;30;40mX[0;5;33;40m%[0;1;30;47m8[0;33;47m88[0;1;30;41m8[0;31;40m;[0;5;30;40m8X[0;5;32;40mS[0;5;37;40mX[0;1;30;47m;[0;33;47m8[0;1;33;47m8[0;1;30;47m8[0;1;30;41m@[0;31;40mSt[0;1;30;40mX8[0;5;30;40m8[0;1;30;47mS8[0;5;35;40m.[0;1;30;47m@t.;.%[0;5;33;40m [0;5;37;40mX[0;1;37;47m.[0;5;33;40m;[0;5;30;40m8[0;32;40mS[0;34;40mt[0;31;40mS[0;30;41m8[0;5;33;40m [0;1;33;47mX[0;5;37;47m8[0;1;33;47mS[0;1;37;47m8[0;1;30;47m8[0;5;33;40m%[0;5;31;40mS[0;34;40m;[0;31;40m%[0;5;33;40mS[0;1;33;47m@X[0;1;30;47m:[0;5;30;40m8[0;5;31;40mS[0;5;36;40mt[0;31;40m%[0;5;33;40m [0;5;37;47m8[0;1;37;47m;::.[0;1;30;47m ;t[0;5;30;40m8[0;5;33;40m [0;1;37;47mt[0;1;30;47mX[0;1;37;47m:[0;5;33;40m.[0;5;30;40m8@@8888@[0;1;30;40m8[0;5;30;40m@[0;1;30;40m88[0;5;30;40m@[0;1;30;40m88[0m
[0;1;30;40m888[0;5;30;40m8[0;1;30;40m8[0;5;30;40m8[0;1;30;40m8[0;5;30;40m@8@[0;1;30;40m8[0;5;30;40m@[0;1;30;40m8[0;5;30;40mX8[0;5;33;40m:[0;1;30;47m:[0;5;37;40m8[0;1;30;47m.[0;5;33;40m:[0;5;30;40mX[0;1;30;47m8X%t;: [0;1;37;47m%[0;5;33;40m.[0;32;40m%[0;5;31;40mS[0;34;40mt[0;5;33;40m [0;33;47m88[0;5;33;40mt[0;30;41m8[0;1;30;40mS[0;5;30;40mXS[0;5;37;40m@[0;1;30;47m%[0;33;47m88[0;5;33;40m@[0;31;40m8%[0;1;30;40m@[0;5;30;40m8[0;5;36;40mS[0;5;31;40mS[0;5;36;40m [0;5;37;40mS[0;5;37;47mX[0;1;37;47m;t[0;5;37;47m@S%;:;[0;1;37;47mS[0;1;30;47mt[0;5;37;47m:[0;1;30;47mS8[0;5;35;40m [0;5;33;40m.[0;5;32;40mX[0;1;30;40m8[0;31;40m@X[0;1;30;43mS[0;1;33;47mS[0;1;37;47m;[0;1;33;47mS[0;1;37;47mt[0;5;33;40m %[0;1;30;40m8[0;31;40m%[0;30;41m8[0;1;30;47mX[0;1;33;47m8[0;1;30;47m;[0;5;33;40mS[0;1;30;40mS[0;32;40m%[0;5;37;40mS[0;1;37;47mS:.[0;1;30;47m .;t%[0;5;33;40m@[0;5;36;40m [0;1;37;47m:[0;1;30;47mX [0;5;33;40m.[0;5;30;40m@@@@888[0;1;30;40m8[0;5;30;40m@[0;1;30;40m8[0;5;30;40m@[0;1;30;40m88[0;5;30;40m8[0;1;30;40m8[0m
[0;1;30;40m8[0;5;30;40m8[0;1;30;40m88[0;5;30;40m8[0;1;30;40m8[0;5;30;40m@[0;1;30;40m8[0;5;30;40m@[0;1;30;40m8[0;5;30;40m@8@@8[0;5;33;40m.[0;1;30;47m;[0;5;37;40m8[0;1;30;47m:[0;5;33;40m:[0;5;30;40mX[0;5;37;40m8[0;1;30;47m8XSt:.[0;1;37;47m%[0;5;33;40m.[0;34;40m;[0;32;40mt[0;5;33;40m:[0;33;47mX8[0;37;43m8[0;31;40m@[0;1;30;40m@[0;5;30;40m@8[0;1;30;47m%[0;33;47m8[0;37;43m8[0;33;47m8[0;30;41mX[0;31;40m:[0;1;30;40mX[0;5;30;40m8[0;5;33;40m:[0;5;37;40mX[0;1;37;47m:%[0;1;30;47m8[0;5;36;40m%[0;5;37;47m8[0;1;30;47mX[0;5;35;40mt[0;5;33;40m.   [0;5;37;40mX[0;5;33;40m S[0;5;35;40m:[0;5;37;47m:[0;5;37;40mS[0;1;30;47m8[0;1;37;47m8[0;5;37;47m8[0;1;30;47mS[0;5;37;40m@[0;5;33;40mS[0;34;40mt[0;31;40m:t[0;37;43m8[0;1;37;47mt[0;1;33;47m8[0;1;37;47mX[0;5;33;40m.[0;5;31;40mS[0;5;30;40m8[0;34;40m.[0;31;40m8[0;1;30;47m:[0;1;33;47m8[0;1;30;47mX[0;5;31;40m8[0;34;40m.[0;5;33;40m [0;1;37;47mX:.[0;1;30;47m :;%@[0;1;30;40m8[0;5;35;40m [0;1;37;47m:[0;1;30;47m8.[0;5;33;40m.[0;5;30;40m8[0;5;31;40mX[0;5;30;40m8@@8@@[0;1;30;40m8[0;5;30;40m@[0;1;30;40m8[0;5;30;40m@[0;1;30;40m888[0m
[0;1;30;40m88[0;5;30;40m8[0;1;30;40m8[0;5;30;40m8[0;1;30;40m8[0;5;30;40m@88@[0;1;30;40m8[0;5;30;40m@8@8[0;5;33;40m.[0;1;30;47mt[0;5;37;40m@[0;1;30;47m;[0;5;35;40m:[0;5;30;40m@[0;5;37;40m8[0;1;30;47m8X%t::[0;1;37;47m%[0;5;33;40m;[0;31;40m.[0;5;30;40m8[0;1;30;47m@[0;1;30;43m8[0;1;30;47m8[0;30;41m@[0;34;40mt[0;5;30;40mX8[0;1;30;47m@[0;33;47m88[0;5;33;40m:[0;30;41mX[0;34;40m%[0;5;30;40m@88[0;5;35;40m [0;5;33;40m;[0;1;30;40m8SS[0;5;31;40m@[0;1;37;47m8[0;5;37;40m@[0;5;36;40m [0;1;30;47mt[0;1;37;47m.t%%:[0;5;37;40m8[0;5;36;40m [0;5;37;47m8[0;5;36;40m [0;5;30;40mS[0;1;30;40m@[0;5;30;40m8@[0;5;33;40m [0;5;36;40m.[0;5;30;40mX[0;1;30;40m8[0;31;40mtS[0;5;33;40mS[0;1;33;47m%X[0;1;37;47m.[0;5;33;40m:[0;5;30;40m8[0;1;30;40m8[0;31;40m:[0;5;31;40m@[0;33;47m@X[0;5;37;40mX[0;31;40m;[0;5;33;40m.[0;1;37;47mS.[0;1;30;47m .;tX@[0;5;30;40m@[0;5;33;40m [0;1;37;47m.[0;1;30;47m8:[0;5;33;40m.[0;5;30;40m88@@@8[0;1;30;40m8[0;5;30;40m@@[0;1;30;40m8[0;5;30;40m@[0;1;30;40m8[0;5;30;40m@[0;1;30;40m88[0m
[0;1;30;40m8[0;5;30;40m8[0;1;30;40m8[0;5;30;40m8[0;1;30;40m8[0;5;30;40m@[0;1;30;40m8[0;5;30;40m@[0;1;30;40m8[0;5;30;40m@@8@@8[0;5;33;40m.[0;1;30;47m%[0;5;37;40mS[0;1;30;47mt[0;5;33;40m;[0;5;30;40mX[0;5;37;40m@8[0;1;30;47m8X%%t[0;1;37;47m:[0;5;33;40m;[0;34;40m [0;5;33;40m;[0;33;47m88[0;1;30;41mX[0;32;40m;[0;5;30;40m@8[0;5;37;40m8[0;37;43m@[0;33;47m8[0;5;31;40m@[0;31;40m@[0;1;30;40m8[0;5;30;40m@8[0;1;30;40m@S@[0;5;30;40mX[0;5;35;40m [0;1;30;47m:[0;1;37;47m;[0;1;30;47m;[0;5;37;40mX[0;1;30;47m [0;5;37;47m@@X%%%%S[0;1;37;47m%[0;1;30;47mS[0;1;37;47mX[0;5;37;47m@[0;1;37;47mX[0;1;30;47m;[0;5;33;40m t[0;1;30;40mS[0;5;30;40m8@X[0;1;30;40m@[0;31;40mS[0;1;30;41m@[0;1;30;47mS[0;1;33;47m8[0;1;37;47m [0;5;33;40m;[0;5;31;40m8[0;32;40mS[0;31;40m;[0;5;33;40m%[0;33;47m8[0;37;43m8[0;31;40m@[0;5;36;40m:[0;1;37;47mt[0;1;30;47m.:;tS@8[0;5;30;40m@[0;5;33;40m:[0;1;30;47m:[0;5;37;40m8[0;1;30;47mt[0;5;33;40m.[0;5;30;40m@XX@@@@8[0;1;30;40m8[0;5;30;40mX[0;1;30;40m8[0;5;30;40m@[0;1;30;40m8[0;5;30;40m@[0;1;30;40m8[0m
[0;1;30;40m88[0;5;30;40m8[0;1;30;40m8[0;5;30;40m8[0;1;30;40m8[0;5;30;40m@8@[0;1;30;40m8[0;5;30;40m@88[0;5;31;40m@[0;1;30;40m8[0;5;33;40m [0;1;30;47m%[0;5;33;40m [0;1;30;47mt[0;5;33;40m;[0;5;30;40m8[0;5;37;40mX@88[0;1;30;47mXXX.[0;5;31;40mS[0;31;40m;[0;1;30;47m8[0;1;30;43m8[0;5;33;40m.[0;31;40m%[0;5;30;40m8[0;1;30;40mS[0;5;33;40m;[0;33;47m8[0;1;30;43m8[0;5;33;40m [0;31;40m@[0;1;30;40m@88[0;32;40mt[0;5;30;40m8[0;5;35;40m [0;1;30;47m.[0;1;37;47m%X%X88[0;5;37;47m888@XS%SXSSSX888[0;1;37;47mX[0;1;30;47m;[0;5;35;40m [0;1;30;40m8[0;5;30;40m88[0;1;30;40m8[0;31;40m.[0;1;30;41m8[0;33;47m@8[0;1;37;47m [0;5;31;40m8[0;1;30;40m8[0;34;40m:[0;31;40mX[0;5;33;40m:[0;1;30;43m8[0;5;31;40m8[0;5;34;40mS[0;1;37;47m;[0;1;30;47mtttX@[0;5;37;40m88[0;5;30;40m8[0;5;33;40m;[0;1;30;47m;[0;5;37;40m@[0;1;30;47mt[0;5;33;40m.[0;5;30;40m@XX@@8@@8[0;1;30;40m8[0;5;30;40mX[0;1;30;40m888[0;5;30;40m8[0m
[0;1;30;40m8[0;5;30;40m8[0;1;30;40m8[0;5;30;40m888[0;1;30;40m8[0;5;30;40m@8@88@8@[0;5;33;40m.[0;1;30;47mS[0;5;33;40m [0;1;30;47mS[0;5;35;40mt[0;32;40m%[0;5;35;40m:[0;5;33;40m;..   [0;5;37;40m8[0;5;30;40m8[0;31;40m@[0;1;30;43m8[0;1;30;47m8[0;1;30;41m@[0;32;40m.[0;1;30;40mX[0;5;30;40m8[0;5;33;40m:[0;1;30;43m8[0;1;30;47m8[0;30;41m8[0;32;40m;[0;1;30;40m@[0;5;30;40m@[0;5;33;40m [0;1;30;47m%[0;1;37;47m;XX@88[0;5;37;47m88@@@S%ttt;;t;t%%%SS@[0;1;37;47m8;[0;5;37;40m8[0;5;35;40m:[0;1;30;40m8[0;32;40mt[0;31;40m:[0;5;33;40mS[0;37;43m8[0;33;47m8[0;5;33;40m.[0;5;30;40m8[0;1;30;40m8[0;31;40m:[0;5;33;40m@;[0;31;40m8[0;5;30;40m8[0;5;37;40m8[0;5;33;40m [0;5;37;40m8[0;5;33;40m  .;:[0;1;30;40m@[0;5;33;40m:[0;1;30;47mS[0;5;33;40m [0;1;30;47mt[0;5;33;40m.[0;5;30;40m@XX@@8@[0;1;30;40m8[0;5;30;40mX@[0;1;30;40m8[0;5;30;40m@@[0;1;30;40m88[0m
[0;1;30;40m8[0;5;30;40m8[0;1;30;40m8[0;5;30;40m8[0;1;30;40m8[0;5;30;40m@8[0;1;30;40m8[0;5;30;40m@888@X@[0;5;33;40m.[0;1;30;47m8[0;5;33;40m.[0;5;37;40m8[0;5;33;40m;[0;34;40mt[0;5;31;40mS[0;5;30;40m@S[0;5;33;40m%[0;5;31;40mS[0;5;36;40m%[0;5;33;40mX[0;5;35;40m%[0;32;40mX[0;5;30;40m8[0;1;30;43m8[0;1;30;41m8[0;32;40m:[0;31;40m%[0;32;40mt[0;5;33;40m@8[0;5;31;40mX@[0;5;33;40m [0;1;30;47m;[0;1;37;47m%[0;5;37;47m88@XXSS%t%%t%ttttt;;;;;::::::::;t%8[0;1;37;47m:[0;5;35;40m [0;5;31;40mXS[0;1;30;43m8[0;5;33;40m;[0;1;30;41m8[0;1;30;40mX[0;31;40m:X[0;5;33;40m8[0;31;40m@[0;5;30;40m8[0;5;33;40m;t%[0;5;35;40mt[0;5;33;40mX[0;5;34;40mS[0;5;31;40mS[0;5;30;40m@[0;1;30;40mS[0;5;33;40m:[0;1;30;47m8[0;5;33;40m [0;1;30;47mX[0;5;33;40m.[0;5;30;40m@X@@@@@@[0;1;30;40m8[0;5;30;40m@8[0;1;30;40m88[0;5;30;40m@[0;1;30;40m8[0m
[0;1;30;40m8[0;5;30;40m8[0;1;30;40m8[0;5;30;40m88[0;1;30;40m8[0;5;30;40m@@8888@X8[0;5;33;40m:[0;5;37;40m8[0;5;33;40m.[0;5;37;40m8[0;5;33;40mt[0;1;30;40m8[0;5;36;40m  [0;5;37;40m@[0;5;36;40m [0;5;37;40m8@@[0;1;30;47mt[0;5;35;40m.[0;31;40mX[0;5;31;40m8X[0;32;40m..[0;31;40mt[0;5;33;40m [0;1;30;47mX[0;5;37;47m8  :%X8[0;1;37;47m@t.[0;1;30;47m;%@8[0;5;37;40m8XSS%%[0;5;33;40m [0;5;37;40mS[0;5;33;40m [0;5;37;40mXSSSXX@88[0;1;30;47m8St[0;1;37;47m %8[0;5;37;47m@%.  @[0;1;37;47m [0;5;33;40m 8[0;34;40m :[0;31;40m:[0;5;31;40m@[0;32;40m%[0;5;33;40m [0;1;37;47m [0;5;37;40m888@X[0;5;33;40m [0;5;37;40m8[0;5;30;40m8[0;5;33;40m;[0;1;30;47m8[0;5;33;40m [0;1;30;47m@[0;5;33;40m.[0;5;30;40m@XX@@8@8@[0;1;30;40m8[0;5;30;40m@8[0;1;30;40m8[0;5;30;40m8[0;1;30;40m8[0m
[0;1;30;40m8[0;5;30;40m8[0;1;30;40m8[0;5;30;40m8[0;1;30;40m8[0;5;30;40m@[0;1;30;40m8[0;5;30;40m@888@8X8[0;5;33;40m:[0;5;37;40m8[0;5;33;40m:[0;5;35;40m [0;5;36;40mt[0;1;30;40m8[0;5;33;40m  [0;1;30;47m@ .[0;5;37;40mXS[0;1;30;47m%[0;5;33;40m;[0;31;40m;[0;1;30;40m88[0;5;30;40m@[0;5;33;40m:[0;5;35;40m  [0;5;33;40m.%[0;5;31;40m8[0;1;30;40m8X[0;31;40mt[0;32;40mt[0;34;40m;[0;31;40m:[0;32;40m.[0;31;40m.[0;34;40m    [0;32;40m   ..[0;31;40m.[0;32;40m:[0;34;40m.[0;31;40m.[0;32;40m.[0;31;40m  [0;32;40m   [0;31;40m  .[0;34;40m.[0;32;40m [0;34;40m.[0;31;40m.[0;34;40m.[0;32;40m.[0;31;40m:[0;34;40mt[0;1;30;40m@8[0;5;30;40m8[0;5;31;40mS[0;5;33;40m;[0;5;35;40m:;[0;5;33;40m;[0;5;30;40mS[0;1;30;40m@[0;31;40mXX[0;5;33;40m [0;1;30;47mS[0;5;37;40mS8[0;1;37;47m.[0;1;30;47m.8[0;5;33;40m [0;5;37;40mX[0;1;30;40m8[0;5;36;40m;[0;5;37;40m@[0;5;33;40m.[0;1;30;47m8[0;5;33;40m.[0;5;30;40m8X@@@@888@[0;1;30;40m8[0;5;30;40m@[0;1;30;40m88[0;5;30;40m8[0m
[0;1;30;40m8[0;5;30;40m8[0;1;30;40m8[0;5;30;40m888@[0;1;30;40m8[0;5;30;40m@888@@@[0;5;33;40m:[0;5;37;40m@[0;5;35;40mt[0;5;36;40m [0;5;31;40mS[0;1;30;40m8[0;5;32;40m%[0;5;37;40m@[0;1;37;47mX[0;1;30;47mX[0;1;37;47m;[0;1;30;47m@[0;1;30;40m8[0;5;37;40m8[0;5;30;40mX[0;31;40m:%[0;32;40m:[0;31;40m  .;:[0;34;40m   .:[0;31;40m.[0;32;40m.[0;31;40m.[0;34;40m.[0;32;40m [0;34;40m    [0;32;40m  .[0;34;40mt[0;1;30;40m88[0;5;30;40m8X[0;5;31;40mS[0;5;30;40m@[0;1;30;40m88X[0;32;40m:[0;34;40m.[0;31;40m.[0;32;40m       [0;34;40m.[0;32;40m.[0;31;40m:[0;32;40m.[0;31;40m.[0;34;40m  [0;31;40m.: [0;34;40m  [0;32;40m.%[0;31;40mt[0;5;36;40mt[0;5;33;40m [0;5;30;40m8[0;1;30;47m :;[0;1;37;47m8[0;5;33;40m .[0;1;30;40m8[0;5;33;40mS[0;5;35;40m  [0;1;30;47m8[0;5;33;40m.[0;5;30;40m8[0;5;31;40mX[0;5;30;40m8X@8@8[0;1;30;40m8[0;5;30;40m@8[0;1;30;40m8[0;5;30;40m@[0;1;30;40m88[0m
[0;1;30;40m8[0;5;30;40m8[0;1;30;40m8[0;5;30;40m8[0;1;30;40m8[0;5;30;40m88@8888@@8[0;5;33;40m.[0;5;37;40mX[0;5;32;40m%[0;5;35;40m [0;5;36;40mS[0;31;40m%[0;5;34;40mX[0;31;40mt[0;5;32;40mS[0;5;35;40m:[0;5;33;40m%[0;34;40m:[0;5;30;40m@[0;5;33;40m [0;5;30;40mS[0;32;40m.[0;31;40mS[0;32;40m;[0;31;40m. [0;34;40m      [0;32;40m .[0;34;40m  [0;32;40m   [0;34;40m    [0;32;40m [0;34;40m:[0;1;30;40m@[0;5;30;40mX[0;5;33;40m [0;1;30;47m@;.[0;1;37;47m. [0;1;30;47m:8[0;5;33;40m.[0;5;30;40m8[0;31;40mt[0;32;40m:[0;34;40m.[0;32;40m      [0;31;40m [0;32;40m.  [0;34;40m    [0;31;40m   [0;34;40m [0;31;40m;[0;1;30;40m8[0;31;40mt[0;5;30;40mX[0;5;33;40m [0;1;30;40mX[0;32;40m;[0;5;35;40m.[0;5;33;40m [0;5;30;40m@8[0;5;33;40m:[0;1;30;40m@[0;5;35;40m%[0;5;37;40mX[0;5;33;40m:[0;5;37;40m8[0;5;33;40m [0;5;30;40m88@@@@8@@[0;1;30;40m8[0;5;30;40m@[0;1;30;40m8[0;5;30;40m@[0;1;30;40m8[0;5;30;40m8[0m
[0;1;30;40m8[0;5;30;40m8[0;1;30;40m8[0;5;30;40m88[0;1;30;40m8[0;5;30;40m@[0;1;30;40m8[0;5;30;40m@88@8[0;5;31;40mX[0;1;30;40m8[0;5;33;40m.[0;5;37;40mX[0;5;35;40m%[0;5;33;40m [0;5;31;40mS[0;32;40mS[0;5;30;40mX[0;1;30;40m8[0;31;40m;[0;34;40m;[0;31;40m;[0;5;30;40m8[0;5;33;40mt[0;5;35;40m [0;5;30;40mX[0;31;40m.@[0;1;30;40m8[0;31;40m.[0;32;40m.[0;31;40m :.:[0;34;40m:[0;32;40m.[0;34;40m   .[0;32;40m   [0;34;40m    [0;32;40m [0;31;40m;[0;1;30;40mX[0;5;30;40mX[0;5;33;40m [0;1;30;47m8%[0;5;37;47mSt[0;1;37;47m [0;1;30;47m%[0;5;37;40m8[0;5;33;40m [0;5;30;40m8[0;34;40mt[0;32;40m:[0;31;40m.[0;34;40m [0;32;40m   .[0;31;40m..[0;34;40m.[0;32;40m   [0;34;40m.[0;31;40m;.t[0;32;40m:[0;34;40m..[0;31;40mS[0;1;30;40m8[0;31;40mt[0;5;30;40m@[0;5;33;40m [0;5;30;40m@[0;1;30;40m@[0;31;40m;[0;32;40mt[0;1;30;40m@[0;5;30;40m@[0;5;33;40mt[0;1;30;40mS[0;5;32;40mX[0;5;35;40m :[0;5;37;40m8[0;5;33;40m.[0;5;30;40m@XX@@@@[0;1;30;40m8[0;5;30;40mX@[0;1;30;40m8[0;5;30;40m@[0;1;30;40m8[0;5;30;40m@[0;1;30;40m8[0m
[0;1;30;40m8[0;5;30;40m8[0;1;30;40m8[0;5;30;40m888[0;1;30;40m8[0;5;30;40mX8888[0;1;30;40m8[0;5;30;40m@@[0;5;33;40m.[0;5;37;40m@[0;5;33;40mS[0;5;36;40m.[0;5;34;40mS[0;31;40m;[0;5;30;40m8[0;1;30;40m8[0;5;30;40m88888[0;5;35;40m%[0;32;40m%[0;31;40m;[0;5;30;40m@[0;31;40m8[0;32;40m%[0;31;40m:[0;34;40m.[0;1;30;40m@[0;31;40m8[0;5;30;40m@[0;1;30;40m8[0;31;40m.[0;32;40m.[0;31;40m.[0;32;40m [0;31;40mt%[0;32;40m%[0;31;40m%[0;34;40m:[0;32;40m.[0;34;40m [0;31;40m [0;32;40m..;[0;5;30;40m@[0;5;33;40m;[0;1;30;40m8[0;1;30;47m@[0;5;37;47mtt[0;1;30;47m.[0;5;33;40mS[0;5;35;40m:[0;5;36;40m%[0;31;40m%[0;32;40m;[0;31;40m.[0;34;40m.[0;32;40m   [0;31;40m.[0;1;30;40m@[0;31;40mS[0;1;30;40m8[0;31;40m:[0;32;40m:[0;31;40m:[0;34;40m.[0;1;30;40mS[0;5;30;40m8[0;31;40m8[0;5;33;40m8[0;34;40m.:[0;32;40m:[0;1;30;40m8[0;1;30;41m8[0;32;40m;[0;1;30;40m@[0;5;33;40mS[0;1;30;40m8[0;5;30;40m888[0;1;30;40m888[0;34;40m;[0;5;35;40mS[0;5;33;40m :[0;5;37;40m8[0;5;33;40m.[0;5;30;40m8XX@@8@@[0;1;30;40m8[0;5;30;40m@8[0;1;30;40m8[0;5;30;40m@[0;1;30;40m88[0m
[0;1;30;40m8[0;5;30;40m8[0;1;30;40m88[0;5;30;40m8[0;1;30;40m8[0;5;30;40mX[0;1;30;40m8[0;5;30;40m@88@XX8[0;5;33;40m:[0;5;37;40mS[0;5;36;40m%[0;5;35;40m [0;5;33;40mS[0;34;40m :[0;32;40m;[0;34;40m:[0;32;40m;[0;31;40m;[0;34;40mt[0;32;40mt[0;31;40m;[0;34;40m%[0;31;40mt[0;1;30;40m8[0;5;33;40m8[0;31;40m;[0;34;40m;[0;32;40m:[0;1;30;40m@[0;5;33;40m8[0;30;41m8[0;5;33;40m8[0;34;40m.[0;31;40m:[0;32;40m;[0;34;40m:[0;32;40m%[0;5;31;40m@[0;31;40mX[0;5;30;40m@[0;32;40m:[0;31;40m.[0;34;40m   .[0;31;40m:[0;34;40m [0;1;30;40mS[0;5;37;40m@[0;1;30;40mX[0;5;36;40m [0;5;33;40m [0;1;30;40m8[0;5;37;40m8[0;5;30;40m8[0;31;40m [0;32;40m:[0;31;40m:[0;34;40m.[0;32;40m    [0;1;30;40m8[0;30;41m8[0;5;33;40m8[0;1;30;40m8[0;31;40m.[0;32;40m;[0;1;30;40mX[0;34;40m.[0;5;31;40m@[0;5;33;40m8[0;5;31;40m8[0;1;30;40m8[0;31;40m:[0;32;40mt[0;31;40mt[0;5;30;40m@[0;31;40m8[0;32;40m%[0;31;40m:[0;34;40m%[0;1;30;40mS[0;34;40m;[0;31;40mt[0;34;40mt[0;32;40mt[0;31;40m%[0;34;40mt[0;32;40m:[0;5;33;40mX[0;5;36;40m .[0;5;37;40m@[0;5;33;40m.[0;5;30;40m8X@@@@8@8[0;1;30;40m8[0;5;30;40m@[0;1;30;40m88[0;5;30;40m8[0;1;30;40m8[0m
[0;1;30;40m88[0;5;30;40m88[0;1;30;40m8[0;5;30;40m@[0;1;30;40m8[0;5;30;40mX[0;1;30;40m8[0;5;30;40m@[0;1;30;40m8[0;5;30;40m@8@@[0;5;33;40m:[0;5;37;40mS[0;5;31;40m%[0;5;36;40m [0;5;34;40m@[0;32;40mt[0;5;35;40m%[0;5;33;40m%[0;5;35;40mt[0;5;36;40m:[0;5;33;40m.  [0;5;37;40m8[0;5;32;40mS[0;31;40m:8[0;5;33;40m8[0;1;30;40mX[0;31;40m;[0;32;40m;[0;31;40m:[0;5;31;40mX[0;5;33;40m8[0;5;31;40mS[0;5;30;40m@[0;32;40m;[0;1;30;40m8[0;31;40m%[0;34;40m;[0;5;30;40mX[0;5;33;40m8[0;31;40m8[0;5;30;40m@[0;32;40m.[0;31;40m [0;34;40m [0;31;40m .[0;34;40m:[0;31;40mt%[0;5;30;40mXS[0;32;40mt[0;1;30;40m@[0;5;33;40mt[0;5;30;40m@[0;31;40mX%[0;32;40mt[0;31;40m%[0;34;40m;[0;32;40m.[0;31;40m [0;32;40m [0;31;40m%[0;5;33;40m8[0;1;30;40m8[0;5;31;40mS[0;31;40mt[0;32;40mt[0;1;30;40m8[0;31;40mt[0;1;30;40mX[0;5;33;40m8[0;31;40m8[0;5;33;40m8[0;31;40mS[0;32;40mt[0;1;30;40m8[0;31;40mt[0;5;33;40m8[0;31;40m8[0;32;40mt[0;5;35;40mt[0;5;33;40m      :%[0;34;40m:[0;5;34;40mX[0;5;33;40m ;[0;5;37;40m@[0;5;33;40m.[0;5;30;40m8X@@@8888@[0;1;30;40m8[0;5;30;40m@[0;1;30;40m8[0;5;30;40m8[0;1;30;40m8[0m
[0;1;30;40m8[0;5;30;40m8[0;1;30;40m8[0;5;30;40m8[0;1;30;40m8[0;5;30;40m@8[0;1;30;40m8[0;5;30;40mX8@[0;1;30;40m8[0;5;30;40mX@8[0;5;33;40m:[0;5;37;40mS[0;5;36;40m%[0;5;33;40m X[0;34;40mt[0;5;32;40mS[0;5;34;40mS[0;5;33;40mS[0;5;35;40m:[0;5;33;40m   [0;5;37;40m@[0;5;30;40m8[0;31;40m:[0;1;30;40m8[0;1;30;41m8[0;5;33;40m8[0;34;40mt[0;1;30;40m@[0;32;40m.[0;31;40m;[0;5;33;40m8[0;1;30;41m8[0;5;33;40m@[0;5;30;40m8[0;1;30;40m@[0;5;30;40m8[0;32;40mt[0;31;40m:[0;5;31;40m8[0;5;33;40m8[0;30;41m8[0;5;30;40mS[0;31;40m:[0;32;40m.[0;34;40m .[0;31;40mt[0;1;30;40m@[0;32;40mS[0;5;31;40m8[0;5;33;40m8%t@[0;1;30;41m8[0;32;40mX[0;5;30;40m8[0;1;30;40m8S[0;31;40m.[0;32;40m.[0;31;40m.[0;5;30;40m8[0;5;31;40m@[0;5;30;40m@[0;1;30;43m%[0;31;40m;[0;32;40m%[0;5;30;40m@[0;1;30;40m8@[0;5;33;40mX[0;5;31;40m8[0;5;33;40m8[0;1;30;40m8[0;32;40m;[0;1;30;40m8[0;34;40mt[0;5;31;40mX[0;5;30;40m@[0;30;41m8[0;32;40mt[0;5;32;40mX[0;5;37;40m8[0;5;33;40m [0;5;37;40m@[0;5;33;40m  .[0;5;35;40m%[0;5;30;40mX[0;32;40mt[0;5;33;40mS[0;5;35;40m .[0;5;37;40mX[0;5;33;40m.[0;5;30;40m8@X@8888[0;1;30;40m8[0;5;30;40m@[0;1;30;40m8[0;5;30;40m@[0;1;30;40m88[0;5;30;40m8[0m
[0;1;30;40m888[0;5;30;40m8[0;1;30;40m8[0;5;30;40m8[0;1;30;40m8[0;5;30;40m@[0;1;30;40m8[0;5;30;40m@[0;1;30;40m8[0;5;31;40mX[0;1;30;40m8[0;5;30;40mX8[0;5;33;40m: t[0;5;35;40m.[0;5;30;40mX[0;1;30;40mX[0;5;31;40mX[0;5;36;40mS[0;5;31;40mS[0;5;36;40m:[0;5;33;40m  [0;5;37;40mXX[0;5;30;40m8[0;31;40m.[0;1;30;41m8[0;32;40m8[0;5;33;40m8[0;5;30;40m8[0;31;40m%[0;1;30;40m@[0;34;40m [0;5;30;40m8[0;5;33;40m8[0;1;30;41m8[0;5;33;40mS[0;1;30;40m88[0;5;30;40m8[0;32;40mt[0;34;40m.[0;5;31;40mS[0;5;33;40m8[0;30;41m8[0;5;33;40m8[0;34;40m:[0;31;40m.[0;32;40m.t[0;31;40mt[0;5;31;40m8S[0;31;40m8[0;1;30;41m8[0;31;40m8[0;5;31;40m@[0;5;33;40m8[0;5;31;40m8[0;31;40m;[0;5;30;40m8[0;31;40m;[0;32;40m.[0;31;40m:[0;5;30;40m@[0;30;41m8[0;5;33;40m8[0;5;31;40mX[0;31;40m.[0;1;30;40mS[0;5;30;40m88[0;1;30;40mS[0;5;33;40mS[0;5;31;40m8XX[0;32;40m.[0;31;40m%[0;1;30;40m8@[0;5;33;40m8[0;31;40m8[0;5;32;40m@[0;31;40m.[0;5;30;40m@[0;5;37;40m@[0;5;33;40m   :;[0;5;36;40m%[0;5;33;40m%[0;34;40mt[0;5;35;40mS[0;5;33;40m ;[0;5;37;40mS[0;5;35;40m.[0;5;30;40m8@@8@8888[0;1;30;40m8[0;5;30;40m@[0;1;30;40m8[0;5;30;40m8[0;1;30;40m88[0m
[0;1;30;40m8[0;5;30;40m8[0;1;30;40m8[0;5;30;40m8[0;1;30;40m8[0;5;30;40m@[0;1;30;40m8[0;5;30;40m@88[0;1;30;40m88[0;5;30;40m@@[0;1;30;40m8[0;5;33;40m.[0;5;37;40mX[0;5;34;40mS[0;5;33;40m %[0;34;40mt[0;5;33;40m%[0;5;30;40mS[0;5;36;40m.[0;5;33;40m    [0;5;37;40m@[0;5;30;40m8[0;32;40m.[0;31;40m%[0;5;31;40mX[0;1;30;41m8[0;5;33;40m@[0;34;40mS[0;1;30;40m8[0;32;40m;[0;31;40m;[0;5;31;40m@[0;1;30;43m%[0;5;31;40m@[0;5;33;40m%[0;5;30;40m88@[0;1;30;40mX[0;32;40m:[0;1;30;40m8[0;5;33;40m8[0;5;31;40m8[0;1;30;40m8[0;31;40mt[0;32;40m:[0;34;40m;[0;1;30;40mS[0;32;40mt[0;1;30;40m8[0;5;33;40m888[0;5;31;40m8[0;32;40m%[0;31;40m@[0;1;30;40m8[0;32;40m:[0;31;40m.;[0;1;30;40m8[0;5;31;40mS[0;5;33;40m8[0;31;40m@[0;32;40m%[0;1;30;40m@[0;5;30;40m8[0;1;30;40m88[0;5;33;40mS[0;5;31;40m8S[0;32;40m8[0;31;40m%[0;32;40mt[0;1;30;40m8@[0;5;31;40mS[0;31;40m8[0;5;33;40m8[0;31;40m; [0;5;30;40mX[0;5;37;40mX[0;5;33;40m    :[0;5;31;40mS[0;5;34;40mS[0;32;40mt[0;5;33;40mX[0;5;36;40m ;[0;5;35;40m [0;5;33;40m.[0;5;30;40m8X@8888[0;1;30;40m8[0;5;30;40m@[0;1;30;40m8[0;5;30;40m@[0;1;30;40m88[0;5;30;40m8[0;1;30;40m8[0m
[0;1;30;40m8888[0;5;30;40m8[0;1;30;40m8[0;5;30;40m@[0;1;30;40m8[0;5;30;40m88@@8X@[0;5;33;40m: t[0;5;35;40m [0;5;30;40mX[0;1;30;40mX[0;5;34;40mS[0;5;33;40mS[0;5;36;40mt[0;5;33;40m:   [0;5;37;40m@[0;5;30;40m8[0;32;40m.:[0;31;40mS[0;5;33;40m8[0;31;40m8[0;5;33;40m%[0;1;30;40m8@[0;32;40m;[0;31;40m 8[0;5;33;40m8[0;5;31;40m8[0;5;33;40m8[0;5;31;40mS[0;1;30;40m8[0;5;30;40m@X[0;1;30;40m@[0;34;40m:[0;31;40mS[0;5;31;40mS[0;32;40mS[0;31;40m%[0;32;40m.[0;31;40m..;[0;1;30;40m@[0;5;31;40m8X[0;1;30;40m8[0;31;40m@[0;32;40m%[0;34;40m.[0;31;40m.[0;32;40m.[0;31;40mS[0;1;30;40m8[0;31;40mS[0;32;40m%[0;1;30;40m8[0;5;30;40mX8[0;1;30;40m8[0;5;33;40mS[0;5;31;40mX@S[0;31;40m@[0;32;40m%[0;31;40mS[0;5;30;40m8[0;1;30;40m@[0;5;33;40m8[0;31;40m@[0;5;33;40m8[0;31;40m:  [0;5;30;40mX[0;5;37;40m%[0;5;33;40m    [0;5;36;40m:[0;5;33;40mt[0;5;30;40mS[0;31;40mt[0;5;34;40mS[0;5;33;40m :[0;5;37;40mX[0;5;33;40m.[0;5;30;40m8@@88888[0;1;30;40m8[0;5;30;40m@[0;1;30;40m8[0;5;30;40m8[0;1;30;40m888[0m
[0;1;30;40m88[0;5;30;40m8[0;1;30;40m88[0;5;30;40m8[0;1;30;40m8[0;5;30;40m@[0;1;30;40m8[0;5;30;40m@[0;1;30;40m8[0;5;30;40m@[0;1;30;40m8[0;5;30;40mX[0;1;30;40m8[0;5;33;40m.[0;5;35;40m t[0;5;36;40m [0;5;30;40mS[0;1;30;40mX[0;5;30;40mSX[0;5;35;40mS[0;5;33;40m%[0;5;36;40m [0;5;33;40m . [0;5;30;40m@[0;31;40m [0;32;40m:.[0;1;30;40m@[0;5;31;40mS[0;1;30;41m8[0;5;33;40m@[0;34;40m%[0;5;30;40m8[0;1;30;40mS[0;32;40m.[0;31;40m8[0;5;33;40m8[0;1;30;41m8[0;5;33;40m8t[0;5;30;40m8[0;1;30;40m8[0;5;30;40m88[0;32;40mS[0;31;40m.;[0;32;40m.[0;31;40m.[0;34;40m [0;32;40m.[0;31;40m;[0;32;40m:..[0;31;40m;[0;32;40m%[0;31;40m;[0;34;40m:[0;32;40m..:;[0;1;30;40m8[0;5;30;40m@8[0;1;30;40m88[0;5;33;40m%[0;5;31;40m8[0;1;30;41m8[0;5;32;40mS[0;31;40m%[0;32;40mt[0;31;40mS[0;5;30;40m8[0;1;30;40mX[0;5;33;40m@[0;31;40m@[0;5;30;40mS[0;31;40m%[0;32;40m.[0;31;40m. [0;5;30;40mX[0;5;37;40m%[0;5;33;40m   .[0;5;35;40m;[0;5;32;40mS[0;5;35;40mX[0;32;40mt[0;5;33;40mX[0;5;35;40m t[0;5;33;40m .[0;5;30;40m8@@888[0;1;30;40m8[0;5;30;40m@[0;1;30;40m8[0;5;30;40m8[0;1;30;40m88[0;5;30;40m8[0;1;30;40m88[0m
[0;1;30;40m888[0;5;30;40m8[0;1;30;40m88[0;5;30;40m8[0;1;30;40m8[0;5;30;40m@[0;1;30;40m8[0;5;30;40m@[0;1;30;40m8[0;5;30;40mXX@[0;5;33;40m: [0;5;36;40mt[0;5;33;40m [0;5;30;40mX[0;1;30;40mX[0;5;33;40m%[0;5;30;40mS[0;5;36;40mS[0;5;31;40mS[0;5;36;40m;[0;5;33;40m.  [0;5;30;40m@[0;31;40m.:[0;34;40m.[0;32;40m.[0;31;40mS[0;32;40m@[0;30;41m8[0;5;32;40mS[0;31;40m%[0;1;30;40mX[0;32;40m;[0;34;40m;[0;31;40m%[0;1;30;40m8[0;30;41m@8[0;5;33;40m8[0;1;30;40m@[0;31;40mS[0;1;30;40m8@[0;34;40mt[0;32;40m;[0;31;40m:[0;34;40m. .[0;32;40m:[0;31;40m;t%[0;32;40m%[0;31;40mt[0;34;40m;[0;31;40m.[0;32;40m.[0;31;40m.:[0;1;30;40mX@@X[0;5;30;40m8[0;1;30;41m8[0;31;40mX[0;32;40m@[0;31;40m8[0;32;40mt[0;31;40m:[0;32;40mt[0;1;30;40m8[0;32;40m%[0;5;31;40m8[0;31;40mt[0;1;30;40m8[0;31;40m@[0;32;40mt[0;34;40m.[0;32;40m.[0;31;40m.[0;5;30;40m@[0;5;35;40m [0;5;33;40m  ..t[0;5;30;40m@[0;5;32;40mS[0;34;40mt[0;5;30;40mX[0;5;36;40m [0;5;33;40mt[0;5;36;40m [0;5;33;40m [0;5;30;40m@@@88888[0;1;30;40m8[0;5;30;40m8[0;1;30;40m8[0;5;30;40m8[0;1;30;40m888[0m
[0;1;30;40m8888[0;5;30;40m8[0;1;30;40m88[0;5;30;40m@[0;1;30;40m8[0;5;30;40m@[0;1;30;40m8[0;5;30;40m@[0;1;30;40m8[0;5;30;40mX8[0;5;33;40m. t[0;5;35;40m.[0;5;30;40m@[0;34;40m;[0;5;36;40mt[0;5;31;40m@[0;5;30;40mS[0;5;36;40mS[0;5;35;40m%[0;5;33;40mt  [0;5;30;40m@[0;31;40m [0;1;30;40m8[0;5;31;40mS[0;5;33;40m8Xt%Sttt%SXS%S%tt%tt%XXSSSSS%X@[0;5;31;40mX[0;5;33;40mXXSXSSX@X%SSSt;;;%%XX[0;5;31;40mS@[0;32;40m%[0;31;40m:[0;5;30;40mX[0;5;33;40m  :[0;5;35;40m;[0;5;30;40mS[0;5;34;40m%[0;5;31;40mX[0;5;30;40mX[0;31;40mt[0;5;36;40mS[0;5;35;40m.[0;5;36;40mt[0;5;33;40m  [0;5;30;40m@@@88[0;1;30;40m8[0;5;30;40m8[0;1;30;40m8[0;5;30;40m@[0;1;30;40m8888[0;5;30;40m8[0;1;30;40m8[0m
[0;1;30;40m88888[0;5;30;40m8[0;1;30;40m88[0;5;30;40m8[0;1;30;40m8[0;5;30;40m@[0;1;30;40m8[0;5;30;40mX@@[0;5;33;40m:[0;5;35;40m %[0;5;36;40m;[0;5;30;40m8[0;1;30;40mX[0;5;30;40mXX[0;5;32;40mS[0;5;31;40mX[0;5;36;40m@[0;5;31;40mS[0;5;36;40m;[0;5;33;40m.[0;5;30;40m8[0;31;40m.%@[0;30;41m8[0;1;30;41m8[0;30;41m@[0;33;41m8[0;1;30;41m8[0;33;41m@88888[0;31;43m8[0;1;30;41mX[0;33;41m88888XX@[0;1;30;41m8[0;33;41mX[0;30;41mS[0;33;41mS[0;30;41mX[0;33;41m8[0;1;30;41m8[0;30;41m@@[0;33;41mX[0;30;41m8[0;1;30;41m8[0;30;41m@[0;33;41mX[0;30;41m@[0;33;41m@[0;1;30;41m@[0;33;41mS[0;1;30;41m8[0;33;41m@@@88@8@88[0;1;30;41m8[0;33;41mX[0;31;40m88[0;32;40mX[0;31;40m@[0;34;40m.[0;5;30;40mX[0;5;33;40m ;[0;5;35;40m%[0;5;32;40m@[0;5;31;40mS[0;5;32;40mX[0;5;30;40m8[0;5;34;40mS[0;32;40m;[0;5;31;40m8[0;5;36;40m:[0;5;31;40mS[0;5;36;40m [0;5;33;40m [0;5;30;40mX@@888[0;1;30;40m8[0;5;30;40m@[0;1;30;40m8[0;5;30;40m8[0;1;30;40m8[0;5;30;40m8[0;1;30;40m888[0m
[0;1;30;40m888[0;5;30;40m8[0;1;30;40m88[0;5;30;40m8[0;1;30;40m8[0;5;30;40m8[0;1;30;40m8[0;5;30;40m88[0;1;30;40m8[0;5;31;40mX[0;5;30;40m8[0;5;33;40m. [0;5;32;40mS[0;5;35;40m;[0;5;30;40m8[0;31;40m%[0;5;32;40mX[0;5;30;40mX[0;5;34;40mX[0;5;30;40m@[0;5;31;40mX[0;5;32;40mS[0;5;35;40mX[0;5;33;40mt[0;1;30;40m@[0;32;40m.[0;31;40m%[0;32;40m@[0;1;30;41m8[0;32;40m8[0;1;30;41m8[0;31;40m8[0;1;30;43m:[0;31;40m8[0;1;30;41m8[0;5;33;40mS[0;1;30;47m8[0;33;41m@[0;5;31;40mX[0;33;41m8[0;1;30;41m8[0;5;33;40m:[0;1;30;43m8[0;1;30;41m88[0;5;33;40m.[0;1;30;47m%8[0;1;30;43m%[0;30;41mS[0;5;33;40mt[0;1;30;47m%[0;1;30;43m8[0;5;33;40m [0;33;41m8[0;5;33;40mS[0;1;30;47m%[0;1;30;43m8[0;5;33;40m;[0;31;43m8[0;30;41m8[0;5;33;40m;[0;1;30;47m%[0;33;41m8[0;31;40m8[0;5;33;40m:[0;1;30;43mt[0;30;41m8[0;5;33;40m8 [0;1;30;43mX[0;1;30;41m8[0;5;33;40m;[0;1;30;47m%:[0;33;47m8[0;5;31;40m8[0;1;30;41m8[0;31;40m8[0;5;33;40m8[0;31;40m8[0;5;33;40m8[0;31;40mSt[0;32;40m.[0;5;30;40m8[0;5;33;40m.[0;5;30;40mSSSX[0;5;34;40mS[0;5;30;40m@X[0;31;40m;[0;5;30;40mX[0;5;36;40m.%[0;5;33;40m  [0;5;30;40mX@88[0;1;30;40m8[0;5;30;40m@[0;1;30;40m8[0;5;30;40m8[0;1;30;40m8888888[0m
[0;1;30;40m8888888[0;5;30;40m8[0;1;30;40m888[0;5;30;40m@@88[0;5;33;40m  [0;5;31;40mX[0;5;36;40m%[0;5;30;40m8[0;32;40m;[0;5;30;40mX8@[0;5;31;40mS[0;5;30;40mSX[0;5;32;40m@[0;5;35;40m%[0;1;30;40mX[0;32;40m.[0;31;40mSXX[0;30;41m8[0;32;40m8[0;30;41m8[0;31;40m8[0;5;30;40mX[0;33;41m8[0;1;30;47m [0;1;37;47m;[0;1;30;43m%[0;30;41m8[0;31;40m8[0;1;30;43m8[0;1;37;47mS:[0;33;41m88[0;1;30;47mS[0;1;30;43m@[0;33;41m8[0;1;30;41m@[0;30;41m8[0;1;30;43m8[0;1;30;47m@[0;1;30;43m8[0;33;41m8[0;30;41m8[0;5;33;40m.[0;33;47m8[0;5;33;40mS[0;33;41mX[0;31;40m8[0;1;30;43m8[0;1;37;47m:[0;33;47mX[0;1;30;43m@[0;33;41m@[0;1;30;47m;[0;33;41m@[0;31;40m8[0;33;41m8[0;1;37;47m:[0;33;41mS[0;30;41m8[0;33;41m88[0;1;30;47m [0;33;41mS[0;31;40m8[0;33;42m8[0;30;41m8[0;31;40mX@%S[0;32;40m;[0;31;40m.[0;5;30;40m8[0;5;35;40m;[0;5;30;40mX[0;5;32;40mS[0;5;30;40mS@@@@[0;32;40m;[0;5;30;40mX[0;5;33;40m:[0;5;30;40m@[0;5;33;40m  [0;5;30;40mXX888[0;1;30;40m8[0;5;30;40m@[0;1;30;40m8[0;5;30;40m8[0;1;30;40m888888[0m
[0;1;30;40m88888888[0;5;30;40m8[0;1;30;40m8[0;5;30;40m@[0;1;30;40m8[0;5;30;40m@X[0;5;32;40mS[0;5;35;40m.[0;5;33;40m [0;5;30;40m@[0;5;33;40m;[0;5;30;40m8[0;31;40mt[0;5;30;40m@@@8[0;5;32;40mS[0;5;30;40mXS[0;5;33;40m:[0;1;30;40m8[0;32;40m [0;31;40m;S[0;32;40mX[0;30;41m8[0;31;40m8[0;1;30;40m8[0;30;41m8[0;31;40mS[0;5;33;40m;[0;33;47m88[0;1;30;47m8[0;30;41mS8[0;33;47mX88[0;5;33;40mt[0;30;41m8[0;33;41m@[0;31;40m@[0;5;33;40mSt[0;30;41m@[0;5;33;40m8[0;30;41m8[0;1;30;41m@[0;1;30;47m@[0;33;41m@[0;1;30;41m8[0;31;40m8[0;5;31;40m8[0;5;33;40m;[0;30;41m@[0;33;47mS8@[0;1;30;47m8[0;30;41m@[0;33;47m@[0;30;41m8[0;5;33;40m8[0;30;41m8[0;1;30;47m [0;30;41m8[0;32;40m8[0;30;41m8[0;5;33;40m8[0;33;47m8[0;30;41m8[0;31;40m88@[0;32;40m8[0;30;41m8[0;32;40m@[0;31;40m@;[0;32;40m.[0;5;30;40m8[0;5;33;40m%[0;5;30;40m8S[0;5;31;40mX[0;5;30;40m@@88[0;31;40m;[0;5;30;40mX[0;5;33;40m:[0;5;30;40mX[0;5;33;40m  [0;5;31;40mS[0;5;30;40m8@[0;1;30;40m8[0;5;30;40m@[0;1;30;40m8[0;5;30;40m8[0;1;30;40m888[0;5;30;40m8[0;1;30;40m8888[0m
[0;1;30;40m@8888888888[0;5;30;40m@@@[0;5;31;40m8[0;5;36;40m.[0;5;33;40m [0;5;30;40m8[0;5;36;40mt[0;1;30;40m8X[0;5;30;40m@XSS[0;5;35;40mX[0;5;30;40mX[0;5;35;40mt[0;5;33;40m;[0;5;30;40m8[0;32;40m:[0;31;40m;SX[0;32;40mX[0;31;40m8@[0;32;40m8[0;30;41m8[0;1;30;43m8[0;1;30;41m8@[0;1;30;43m8[0;1;30;41m8[0;5;30;40mS[0;1;30;43m8[0;30;41m%[0;1;30;41m8[0;5;33;40m%[0;30;41m8[0;1;30;40m8[0;1;30;41m8[0;5;31;40mXX[0;31;40mS8[0;5;33;40m8[0;1;30;41m8[0;5;33;40m8[0;31;40mt8[0;5;33;40m8[0;5;31;40m@[0;1;30;41m8[0;5;33;40m88[0;30;41mS[0;1;30;41m8[0;1;30;43m8[0;30;41mX[0;5;33;40m@%[0;1;30;41m8[0;31;40m@[0;1;30;43m8[0;30;41m88[0;31;40m@[0;30;41m8[0;5;33;40m%[0;30;41m8[0;32;40m8[0;30;41m8[0;31;40m@8[0;32;40mX[0;31;40m8t[0;32;40m:[0;31;40m;[0;5;30;40mX[0;5;36;40m:[0;5;35;40mS[0;5;30;40m@[0;5;32;40mS[0;5;30;40mX[0;5;31;40mX[0;5;30;40m8X[0;32;40mt[0;5;30;40mX[0;5;35;40m;[0;5;30;40m@[0;5;33;40m  [0;5;32;40mX[0;5;30;40m8888[0;1;30;40m88[0;5;30;40m8[0;1;30;40m8888888[0m
[0;1;30;40m@888888[0;5;30;40m8[0;1;30;40m8[0;5;30;40m8[0;1;30;40m8[0;5;30;40m@8X[0;5;32;40m@[0;5;35;40m:[0;5;33;40m.[0;5;30;40m8[0;5;31;40mS[0;1;30;40m8@[0;5;33;40m;[0;5;35;40m%[0;5;33;40m%[0;5;36;40m%[0;5;33;40m%[0;5;36;40m:[0;5;33;40m;[0;5;36;40m.[0;5;35;40m  [0;32;40mt[0;1;30;40mS[0;31;40mS[0;1;30;40m@[0;31;40m@[0;1;30;40m8[0;31;40m8[0;1;30;40m8[0;31;40m8[0;1;30;40m8[0;31;40m@@[0;32;40mS[0;31;40m88[0;1;30;40m8[0;31;40m8[0;1;30;40m8[0;31;40m8X[0;32;40mX[0;31;40m@X[0;32;40mX[0;31;40m8%tS[0;1;30;40m8[0;31;40mXSS[0;32;40m%[0;31;40m@@[0;1;30;40m@[0;31;40m88[0;1;30;40m8[0;31;40m8@[0;1;30;40m8[0;31;40m@[0;1;30;40m88[0;31;40m@[0;1;30;40m88[0;31;40m8[0;1;30;40m8[0;31;40m8[0;1;30;40m88[0;31;40m@[0;1;30;40m8[0;31;40mS[0;32;40mt[0;1;30;40mX[0;5;36;40m [0;5;35;40m [0;5;33;40m :[0;5;36;40m.[0;5;35;40m:[0;5;36;40m:t[0;5;33;40m%[0;5;35;40m%[0;32;40mt[0;5;30;40m@[0;5;33;40mt[0;5;30;40m8[0;5;33;40m  [0;5;31;40mS[0;5;30;40m@88[0;1;30;40m8[0;5;30;40m8[0;1;30;40m888888888[0m
[0;1;30;40m@8888888888[0;5;30;40m8@@[0;5;31;40mX[0;5;36;40m. [0;1;30;40m8[0;5;36;40m@[0;1;30;40mX[0;31;40m:[0;1;30;40m@X8[0;5;33;40m:[0;5;37;40m8[0;5;35;40m.[0;1;30;40m8[0;5;30;40m@[0;5;35;40mt[0;5;36;40m;[0;31;40m:[0;5;30;40mX[0;5;36;40m [0;5;37;40mSX88[0;1;30;47m88[0;5;37;40m8[0;1;30;47m8[0;5;37;40m88[0;1;30;47m8[0;5;37;40m88[0;1;30;47m8[0;5;37;40m8[0;1;30;47m88@88@88888888@88888888[0;5;37;40m8[0;1;30;47m8[0;5;37;40m8[0;1;30;47m88[0;5;37;40m8[0;1;30;47m8[0;5;37;40m8[0;1;30;47m8[0;5;37;40m888[0;5;33;40m   [0;5;30;40m8[0;31;40m:[0;5;36;40m:[0;5;30;40mX8[0;1;30;40m8[0;5;33;40m [0;1;30;47m8[0;5;33;40m:[0;1;30;40m@@@[0;31;40m:[0;5;30;40m8X8[0;5;33;40m  [0;5;36;40mS[0;5;30;40m888[0;1;30;40m88[0;5;30;40m8[0;1;30;40m88888[0;31;40mX[0;1;30;40m8@[0m
[0;1;30;40m@@@8888888[0;5;30;40m8[0;1;30;40m8[0;5;31;40mX[0;5;30;40m8[0;5;36;40mS[0;5;33;40m..[0;1;30;40mS[0;5;30;40m8[0;1;30;40m8[0;34;40m [0;1;30;40mXX[0;5;30;40mX[0;5;37;40mX@%[0;1;30;40m88[0;5;30;40m@[0;5;31;40mX[0;32;40m [0;34;40m;[0;1;30;40m@8[0;5;30;40m8XXXXXXXXXXXXX[0;5;32;40mX[0;5;30;40m8XSSXX@@@X[0;5;32;40mX[0;5;30;40m@SSXSSXXXX[0;5;32;40mX[0;5;30;40m@S[0;5;32;40mS[0;5;30;40m8[0;5;32;40mS[0;5;30;40m8SXX[0;5;32;40mX[0;5;30;40m8X[0;5;32;40mS[0;1;30;40m88[0;31;40m:[0;32;40m:[0;5;35;40mS[0;5;30;40m8[0;1;30;40mX[0;5;30;40m8[0;5;37;40mXXS[0;5;30;40m8[0;1;30;40m@X[0;34;40m.[0;5;30;40m8@[0;1;30;40m8[0;5;33;40m. [0;5;31;40mS[0;5;30;40m@@8[0;1;30;40m8[0;5;30;40m8[0;1;30;40m88888888@[0m
[0;1;30;40m@@@@8888888[0;5;30;40m@[0;1;30;40m8[0;5;32;40mS[0;5;31;40mX[0;5;36;40m .[0;1;30;40m@8[0;5;30;40m8[0;31;40m.[0;32;40m.[0;34;40m:[0;32;40mt[0;1;30;40m8S[0;31;40m;[0;1;30;40mX8[0;5;30;40m8X[0;32;40m.t[0;1;30;40m88[0;5;30;40m88@XXXX@X@@@@@8[0;5;31;40m@[0;5;30;40m8@X@@@X@88@[0;5;31;40mX[0;5;30;40m@[0;5;32;40mX[0;5;30;40m8XSSSX@[0;5;31;40mX[0;5;30;40m@88[0;5;31;40m8[0;5;30;40m8@@8888[0;1;30;40m88@[0;31;40m;[0;32;40m:[0;5;30;40m@8[0;1;30;40mX[0;32;40m;[0;1;30;40mSX[0;31;40m%[0;1;30;40mX[0;32;40m:[0;34;40m.[0;31;40m.[0;5;30;40m8[0;1;30;40m88[0;5;33;40m.[0;5;36;40m t[0;5;30;40m@@[0;1;30;40m8[0;5;30;40m8[0;1;30;40m8888888[0;32;40mX[0;1;30;40m88[0m
[0;1;30;40mX@@@@@88888[0;5;30;40m@@@[0;5;36;40m;[0;5;33;40m.[0;5;35;40m [0;5;30;40m8[0;1;30;40mX[0;5;30;40m8[0;1;30;40m@[0;31;40m ..[0;34;40m..[0;32;40m.[0;34;40m.[0;32;40m.:[0;34;40m;[0;32;40m:[0;1;30;40mX@8[0;5;30;40m8888@@@88@@8@888888@@8@888@8@@[0;5;31;40m@[0;5;30;40m8@X@8@@XX@88@88[0;1;30;40m8[0;5;30;40m@88[0;1;30;40m8@[0;32;40m;[0;34;40m:[0;32;40m;[0;31;40m:[0;34;40m.[0;31;40m..[0;34;40m.[0;32;40m:[0;34;40m..[0;31;40m [0;1;30;40m8[0;5;30;40m8[0;1;30;40m8[0;5;30;40m8[0;5;33;40m  %[0;5;30;40m@88[0;1;30;40m88888[0;31;40m@[0;1;30;40m888@X[0m
[0;1;30;40mX@@@@@8[0;31;40mS[0;1;30;40m888[0;5;30;40m8@X[0;5;33;40m%[0;5;35;40m:[0;5;37;40mS[0;5;33;40m%[0;34;40m%[0;1;30;40m@88[0;34;40m:[0;31;40m.[0;32;40m [0;31;40m [0;34;40m.[0;32;40m.[0;31;40m .[0;32;40m.[0;31;40m:[0;1;30;40mS@88[0;5;30;40m8[0;1;30;40m8[0;5;30;40m@[0;1;30;40m8[0;5;30;40m@[0;1;30;40m8[0;5;30;40m@8[0;1;30;40m8[0;5;30;40m@8[0;1;30;40m8[0;5;30;40m8[0;1;30;40m88[0;5;30;40m8[0;1;30;40m8[0;5;30;40m8[0;1;30;40m8[0;5;30;40m@88888@8@888@@@8@@@@8888[0;1;30;40m8[0;5;30;40m@8[0;1;30;40m8[0;5;30;40m8[0;1;30;40m88@[0;31;40m%[0;32;40m:[0;34;40m:[0;32;40m.[0;31;40m.[0;34;40m.[0;32;40m.[0;34;40m. [0;31;40m :[0;5;30;40m8[0;1;30;40m88@[0;5;33;40m;[0;5;37;40mS[0;5;35;40m [0;5;34;40mS[0;5;30;40mX8[0;1;30;40m888888888@[0;31;40mS[0;1;30;40m@[0m
[0;1;30;40mX@@@@[0;31;40mS[0;1;30;40m@88888[0;5;30;40m@@S[0;5;33;40m.[0;5;36;40m [0;5;37;40mX[0;5;33;40m.[0;1;30;40m@8@[0;5;30;40m88[0;1;30;40m8X[0;31;40m;[0;1;30;40mS[0;34;40m;[0;1;30;40mX[0;31;40m;[0;1;30;40m@SXX@@888[0;31;40mS[0;1;30;40m8[0;32;40mX[0;1;30;40m@8[0;31;40mS[0;1;30;40m8888@@888@[0;31;40mS[0;1;30;40m@88@88@@@8@@8888@8@@@8@[0;31;40m%[0;1;30;40m88[0;31;40mS[0;1;30;40m88@SS[0;31;40mt[0;1;30;40mS[0;32;40mt[0;34;40m%[0;1;30;40m@X@[0;5;30;40m88[0;1;30;40m888[0;5;36;40m [0;5;37;40mS[0;5;36;40m [0;5;33;40m:[0;5;31;40mS[0;5;30;40m888[0;1;30;40m888888[0;32;40mX[0;1;30;40m@8@X[0m
[0;1;30;40mXXX@@@@@@888[0;5;30;40m8XS[0;5;33;40m;[0;5;35;40m.[0;5;33;40m [0;1;30;47m8[0;5;33;40m [0;5;30;40m8[0;1;30;40m88SS[0;5;30;40m8[0;5;36;40m%[0;5;31;40mX[0;5;32;40mX[0;5;30;40mS[0;5;36;40m%[0;5;30;40m8[0;5;33;40m%[0;5;30;40mX[0;5;35;40mt[0;5;32;40mX[0;5;31;40mX[0;5;32;40mX[0;5;31;40mX[0;5;32;40mS[0;5;36;40m%[0;5;31;40mX[0;5;35;40mt[0;5;30;40mS[0;5;33;40mS[0;5;36;40mX[0;5;31;40m@[0;5;32;40m8[0;5;31;40m@[0;5;30;40m@[0;5;32;40mS[0;5;31;40m@[0;5;32;40mX[0;5;30;40m@[0;5;31;40mS[0;5;32;40m@[0;5;34;40m%[0;5;33;40m8[0;5;30;40m@[0;5;31;40mS[0;5;32;40m@[0;5;31;40mX[0;5;30;40mS[0;5;32;40mS[0;5;31;40mS[0;5;30;40mS[0;5;32;40mS[0;5;30;40mX[0;5;31;40mS[0;5;30;40m@[0;5;32;40mS[0;5;31;40m8[0;5;30;40mX[0;5;32;40mS[0;5;31;40mX[0;5;32;40mS[0;5;31;40mS[0;5;32;40mX[0;5;31;40mX[0;5;32;40mS[0;5;36;40m%[0;5;30;40m@[0;5;33;40mX[0;5;30;40mS[0;5;32;40mS[0;5;31;40mX[0;5;32;40mS[0;5;30;40mSS[0;5;36;40m%[0;5;31;40mX[0;5;36;40mS[0;5;31;40m@[0;5;30;40m88[0;1;30;40mXS88[0;5;30;40m8[0;5;36;40m [0;1;30;47m8[0;5;36;40m [0;5;33;40m [0;5;36;40m%[0;5;30;40m8@[0;1;30;40m8888[0;31;40mX[0;1;30;40m888X@@@X[0m
[0;1;30;40mX@X@[0;32;40mS[0;1;30;40m8@@@8888[0;5;30;40m@@[0;5;34;40mS[0;5;33;40mt[0;5;36;40m [0;5;33;40m [0;5;37;40m8X[0;5;33;40m.[0;5;30;40mS8[0;1;30;40m8XS@8XX88@@@@@@@XXX8SXXX@@X[0;34;40mS[0;1;30;40m@@XX[0;31;40m%[0;1;30;40m88XX@@@@@8@@8X@XSSXXXX8[0;31;40mS[0;1;30;40m8X@@X88@XXX@@@8[0;5;30;40m8X[0;5;36;40m [0;5;37;40m@8[0;5;33;40m  :[0;5;30;40m@X88[0;1;30;40m8888@[0;32;40mS[0;1;30;40m@@X@XX[0m
[0;1;30;40mXXX@@@@@@[0;32;40mS[0;1;30;40m888[0;5;30;40m88@S[0;5;33;40m;[0;5;35;40m.[0;5;33;40m.  [0;5;37;40m@[0;5;33;40m [0;5;37;40mX[0;5;33;40m . [0;5;35;40m:[0;5;33;40m;[0;5;35;40m%[0;5;32;40mS[0;5;35;40mX[0;5;32;40m@[0;5;31;40mS[0;5;30;40mX[0;5;34;40mS[0;5;30;40mXX@X@@@@88888@X8888@88888888888888@8@@@@XXX[0;5;36;40mS[0;5;30;40m@[0;5;31;40m%[0;5;34;40mS[0;5;32;40mS[0;5;35;40m@[0;5;32;40mX[0;5;35;40mS[0;5;33;40m%[0;5;36;40mt[0;5;35;40m:[0;5;33;40m:[0;5;36;40m.[0;5;33;40m  [0;5;37;40mSSX[0;5;33;40m    ;[0;5;30;40mX@8[0;1;30;40m88888[0;32;40mX[0;5;30;40m8[0;1;30;40mXX@[0;31;40mX[0;1;30;40m@XX[0m
[0;1;30;40mXX@X@@@[0;32;40mS[0;1;30;40m8@@8888[0;5;30;40m@8X[0;5;32;40mS[0;5;35;40mS[0;5;33;40mt[0;5;36;40m:[0;5;33;40m....;[0;5;35;40m%[0;5;30;40m8[0;5;32;40mX[0;5;30;40m88[0;1;30;40m888888@@XX[0;32;40m%[0;1;30;40mX[0;31;40mt[0;1;30;40mX[0;32;40mt[0;1;30;40mX[0;34;40mt[0;1;30;40mX[0;31;40m;[0;32;40m%[0;31;40m%[0;32;40mt[0;34;40mt[0;31;40mt[0;32;40m%[0;34;40mt[0;32;40mt[0;34;40mt[0;31;40mt[0;32;40mt[0;34;40m%[0;31;40mt[0;32;40mt[0;34;40m%[0;31;40m%[0;32;40m%[0;1;30;40mX[0;31;40mt[0;1;30;40mX[0;32;40mt[0;1;30;40mX[0;34;40mt[0;1;30;40m@SXX@X[0;31;40mS[0;5;30;40m8[0;1;30;40m@888[0;5;30;40m88X[0;5;31;40mS[0;5;36;40mX[0;5;31;40mS[0;5;36;40m;[0;5;33;40m...    :[0;5;30;40m%@@8[0;1;30;40m8888[0;31;40mS[0;1;30;40m8@X@X8@XXX[0m
[0;1;30;40mXXXXX@X@@X@[0;31;40mS[0;1;30;40m8888[0;5;30;40m8888@X[0;5;31;40m%[0;5;30;40mSSX@8@8[0;1;30;40m8[0;5;30;40m8[0;1;30;40m88@@X[0;32;40m%[0;1;30;40mX[0;31;40m%[0;32;40m%[0;1;30;40m@[0;31;40m%[0;1;30;40mX[0;32;40mt[0;1;30;40mX[0;31;40mt[0;34;40mt[0;31;40m%[0;32;40mS[0;1;30;40mX[0;34;40mt[0;1;30;40mX[0;31;40mt[0;1;30;40mX[0;34;40mt[0;1;30;40mX[0;31;40mt[0;1;30;40mS[0;32;40mt[0;34;40m%[0;31;40mS[0;32;40mS[0;34;40mS[0;31;40mS[0;32;40mS[0;1;30;40mX[0;34;40mt[0;31;40mt[0;32;40m%[0;34;40m%[0;31;40m%[0;1;30;40mS[0;32;40mt[0;31;40m%[0;34;40m%[0;1;30;40mX[0;32;40mt[0;1;30;40mXS@[0;32;40m%[0;1;30;40m8@888[0;5;30;40m88[0;1;30;40m8[0;5;30;40m@@[0;5;31;40mS[0;5;32;40mS[0;5;35;40mX[0;5;32;40mX[0;5;35;40mS[0;5;32;40mS[0;5;31;40mS[0;5;32;40mS[0;5;30;40m@@88[0;1;30;40m88888@@8X@@@XXXX[0m
[0;1;30;40mXXX@[0;31;40m%[0;1;30;40m@@X@X8@@@888888[0;5;30;40m8[0;1;30;40m88[0;5;30;40m8[0;1;30;40m8888@XS[0;31;40m%[0;1;30;40mX[0;32;40mt[0;1;30;40mX[0;31;40m;[0;1;30;40mS[0;31;40mt[0;34;40mt[0;1;30;40mX[0;34;40mt[0;31;40mt[0;34;40m%[0;32;40mt[0;34;40m%[0;31;40mt[0;32;40m%[0;1;30;40mS[0;34;40m;[0;31;40mt[0;34;40m;[0;31;40mt[0;32;40mt[0;34;40mt[0;32;40mt[0;31;40m;[0;32;40m;[0;34;40m;[0;31;40m;[0;34;40m;[0;32;40m%[0;34;40mt[0;31;40m%[0;32;40m%[0;34;40mt[0;31;40mt[0;34;40m;[0;32;40mt[0;34;40mt[0;31;40m%[0;32;40m%[0;34;40m%[0;31;40mt[0;34;40mt[0;32;40m%[0;31;40m%[0;32;40mt[0;31;40mt[0;34;40mt[0;32;40mt[0;31;40mt[0;34;40m%[0;31;40m%[0;32;40m%[0;1;30;40mS[0;31;40m%[0;1;30;40m@[0;32;40m%[0;1;30;40m8@8888888[0;5;30;40m8[0;1;30;40m88[0;5;30;40m8[0;1;30;40m88888@@@@@@XX[0;31;40mS[0;1;30;40m@XX[0;32;40mS[0;1;30;40m@[0m
[0;1;30;40mXXXX@X@@X@@@@[0;32;40m%[0;1;30;40m@@@88888@X@@X[0;32;40m%[0;31;40mS[0;1;30;40mX[0;32;40mt[0;1;30;40mS[0;34;40m;[0;31;40m%[0;34;40mt[0;32;40m%[0;34;40m;[0;32;40m%[0;31;40m%[0;32;40mt[0;31;40mt[0;32;40m%[0;34;40mt[0;31;40m%[0;32;40mt[0;34;40mt[0;31;40mt[0;32;40m;[0;34;40mt[0;32;40mt[0;31;40m;[0;34;40mt[0;32;40m;[0;31;40mt[0;34;40m;[0;32;40m;[0;31;40m;[0;32;40m;[0;34;40m;[0;31;40mt;[0;32;40mt[0;34;40mt[0;31;40mt[0;32;40mt[0;34;40m;[0;31;40mt[0;32;40m;[0;31;40mt[0;34;40mt[0;31;40mt[0;32;40mt[0;34;40m;[0;32;40mt[0;31;40mt[0;34;40m%[0;32;40m;[0;34;40mt[0;31;40m%[0;34;40mt[0;32;40m%[0;31;40m%[0;32;40m%[0;34;40m%[0;31;40mt[0;32;40mS[0;34;40m%[0;31;40mS[0;1;30;40mX[0;32;40mt[0;1;30;40mXXX@8888888@@@@@@[0;31;40mS[0;1;30;40mX@[0;32;40mS[0;1;30;40m@X8@X[0;32;40mS[0;1;30;40m8@[0;31;40mS[0m
[0;1;30;40mXXXX[0;32;40mS[0;1;30;40m@XX@[0;31;40mS[0;1;30;40m@[0;32;40mS[0;1;30;40m8@[0;31;40mX[0;1;30;40m@X@@X@XXX[0;32;40m%[0;1;30;40mX[0;31;40m%[0;1;30;40m@[0;34;40m%[0;1;30;40mX[0;31;40mt[0;32;40mt[0;1;30;40mX[0;32;40mt[0;31;40m%[0;1;30;40mS[0;31;40mt[0;34;40m%[0;32;40m%[0;34;40m%[0;1;30;40mX[0;31;40mt[0;32;40m%[0;34;40m%[0;31;40m%[0;32;40m%[0;34;40m%[0;31;40m%[0;32;40m%[0;34;40mt[0;32;40mt[0;31;40m%[0;34;40mt[0;32;40m%[0;31;40mt[0;34;40mt[0;32;40mt[0;31;40mt[0;32;40mt[0;34;40mt[0;32;40mt[0;31;40mt[0;32;40mt[0;34;40mt[0;31;40mt[0;32;40mt[0;34;40mt[0;31;40mt[0;32;40m%[0;34;40mt[0;32;40m%[0;31;40m%[0;1;30;40mS[0;34;40m;[0;32;40mt[0;31;40m%[0;1;30;40mS[0;32;40mt[0;1;30;40mS[0;31;40mt[0;1;30;40mX[0;34;40mt[0;1;30;40mX[0;31;40mt[0;32;40m%[0;1;30;40m@[0;31;40mt[0;32;40m%[0;34;40m%[0;31;40mS[0;1;30;40mX[0;32;40mt[0;1;30;40m@SXX@@@X@@@@X@@@X8@X@@X@X[0;31;40mS[0;1;30;40m8@[0m
[0;1;30;40mSXXX@XXX@X@@X@@XX[0;32;40m%[0;1;30;40m@X[0;31;40m%[0;1;30;40m@[0;32;40m%[0;1;30;40m@[0;31;40mS[0;1;30;40m8X[0;32;40m%[0;1;30;40m@[0;32;40mt[0;1;30;40m@X[0;31;40mt[0;1;30;40m@[0;34;40m%[0;32;40mS[0;1;30;40m@[0;31;40m%[0;1;30;40m@[0;31;40m%[0;32;40m%[0;1;30;40mXX[0;31;40m%[0;1;30;40m8SSS[0;31;40m%[0;1;30;40mXS[0;32;40mt[0;1;30;40mX[0;34;40mt[0;1;30;40mX[0;31;40mt[0;1;30;40mX[0;34;40m%[0;1;30;40mX[0;31;40mt[0;1;30;40mX[0;34;40mt[0;31;40m%[0;32;40mS[0;1;30;40mX[0;31;40mt[0;1;30;40mX[0;32;40mt[0;1;30;40m@[0;31;40mt[0;1;30;40mX[0;34;40mt[0;32;40m%[0;31;40mS[0;1;30;40m@[0;34;40m%[0;1;30;40mX[0;31;40mt[0;1;30;40mX[0;32;40mt[0;1;30;40mS[0;32;40mt[0;1;30;40mSS[0;34;40mt[0;1;30;40mSSXX[0;32;40m%[0;1;30;40m@[0;31;40m%[0;1;30;40mXS[0;32;40mt[0;1;30;40mXX[0;31;40m%[0;1;30;40m@XXXXX@[0;31;40m%[0;1;30;40m@X@X@X[0;31;40mS[0;1;30;40m@XX@@X[0;32;40m%[0m
[0;1;30;40mSXX[0;31;40m%[0;1;30;40m@XXX@X@XXXXX@XX@X@X@@[0;32;40mt[0;1;30;40m@@[0;31;40m%[0;1;30;40m@[0;34;40mt[0;1;30;40m@S[0;32;40mt[0;1;30;40m@[0;31;40mS[0;1;30;40m@[0;32;40m%[0;1;30;40mXX[0;34;40m%[0;1;30;40mX[0;32;40mt[0;1;30;40mX[0;32;40m;[0;1;30;40mX[0;31;40m;[0;1;30;40mX[0;32;40m%[0;1;30;40mX[0;31;40mt[0;1;30;40mX[0;31;40mt[0;1;30;40mX[0;32;40mt[0;1;30;40mX[0;32;40mt[0;31;40mS[0;1;30;40m@[0;32;40mt[0;1;30;40mSSX[0;34;40mt[0;1;30;40mX[0;32;40mt[0;1;30;40mX[0;34;40mt[0;1;30;40mX[0;32;40mt[0;1;30;40mXSXX[0;32;40mt[0;1;30;40mX[0;32;40mt[0;1;30;40mX[0;34;40mt[0;1;30;40m@[0;31;40m%[0;1;30;40m@[0;31;40mt[0;1;30;40m@[0;32;40m%[0;31;40mS[0;1;30;40m@[0;32;40m;[0;1;30;40m@[0;31;40m%[0;1;30;40m@[0;34;40mS[0;1;30;40mXXXS@XXXX@[0;31;40m%[0;1;30;40m@X@[0;32;40mX[0;1;30;40m8X@[0;31;40m%[0;1;30;40m8@[0;32;40mS[0;1;30;40m@XSSX@[0m
[0;1;30;40mSXXXXXX[0;31;40m%[0;1;30;40mXXXXXXXXXXX@XXXSX@XXXX@[0;32;40mt[0;1;30;40m@XXX[0;34;40m%[0;1;30;40m@SSX[0;31;40m%[0;1;30;40m@SXSX[0;34;40mt[0;1;30;40m@SX[0;34;40mt[0;1;30;40m@[0;32;40m%[0;1;30;40m@[0;31;40m%[0;1;30;40m@[0;34;40m%[0;1;30;40mSX[0;31;40mt[0;1;30;40mX[0;32;40mt[0;1;30;40mX[0;31;40m%[0;1;30;40m@S[0;31;40m%[0;1;30;40m@X[0;31;40mt[0;1;30;40m@%SX[0;31;40m%[0;1;30;40m@XX[0;32;40m%[0;1;30;40m@SXS@XSXXXXX[0;32;40mS[0;1;30;40m@SXXXXXXX@XX@@XXXX[0;32;40mS[0;1;30;40m88SXXSSS[0m
[0;1;30;40mSSX[0;32;40m%[0;1;30;40m@SXXX[0;32;40mS[0;1;30;40m@[0;31;40m%[0;1;30;40m@X[0;32;40m%[0;1;30;40mXX[0;31;40mS[0;1;30;40m@[0;32;40m%[0;1;30;40m@XXXXSXSXXXXX[0;31;40m%[0;1;30;40m8X@XXXXXSXSSX@[0;31;40m%[0;1;30;40m@X@XXXXXX[0;32;40m%[0;1;30;40m@XXXXXSXXSX@SXXX@XSX@XSXSSXSXSXX@XXXXX@[0;32;40m%[0;1;30;40m@X@[0;32;40mS[0;1;30;40m@@XXXXX@@X[0;31;40m%[0;1;30;40m@SSXSS[0m
