[0;5;37;47m@8@@8@8@8@@8@88@@8@@88@@8@@8@8@@8@8@@8@@88@@8@@8@8@@8@8@@8@@88@@8@@88@@8@@8@8@@8@8@@8@@88@@8@@88@@8@@8@8@@8@8@8@@@88@@8S[0m
[0;5;37;47m8888@88[0;1;37;47m8[0;5;37;47m@888@8888888888888888888@8[0;1;37;47m8[0;5;37;47m@8888888888888888@8[0;1;37;47m8[0;5;37;47m@888888888888888888[0;1;37;47m8[0;5;37;47m@888@888888888888888888888[0;1;37;47m8[0;5;37;47m@888@8[0;1;37;47m8[0;5;37;47m@888888888X[0m
[0;5;37;47m88@88@888@8@88888@8@[0;1;37;47m8[0;5;37;47m88@8@8[0;1;37;47m8[0;5;37;47m@8@888888@8@8888@8@[0;1;37;47m8[0;5;37;47m8@8@88888@8@8888@8@[0;1;37;47m8[0;5;37;47m8@8@8@888@888[0;1;37;47m8[0;5;37;47m@8@8@8[0;1;37;47m8[0;5;37;47m@@8@8888@8@@888@8@888@8@@8[0;1;37;47m8[0;5;37;47m@@8S[0m
[0;5;37;47m888@8@8888@8@[0;1;37;47m8[0;5;37;47m8@8@8@88@8@8@888@8@888@8@8888@8@@888@88888@8@88[0;1;37;47m8[0;5;37;47m@@8@@888@8@8[0;1;37;47m8[0;5;37;47m@8@8@888@8@8888@8@88888@88[0;1;37;47m8[0;5;37;47m@8@8@8[0;1;37;47m8[0;5;37;47m@8@88888@8X[0m
[0;5;37;47m888888[0;1;37;47m88[0;5;37;47m88888[0;1;37;47m8[0;5;37;47m888888[0;1;37;47m8[0;5;37;47m88888[0;1;37;47m88[0;5;37;47m88888[0;1;37;47m88[0;5;37;47m88888[0;1;37;47m88[0;5;37;47m88888[0;1;37;47m8[0;5;37;47m88888[0;1;37;47m88[0;5;37;47m88888[0;1;37;47m8[0;5;37;47m888888[0;1;37;47m8[0;5;37;47m888888[0;1;37;47m8[0;5;37;47m888888[0;1;37;47m8[0;5;37;47m88888[0;1;37;47m8[0;5;37;47m888888[0;1;37;47m88[0;5;37;47m88888[0;1;37;47m8[0;5;37;47m888888[0;1;37;47m8[0;5;37;47m88888[0;1;37;47m8[0;5;37;47m8888X[0m
[0;5;37;47m888888@88888@8888888888888@88888888888888888888888888@88888@888888888888888888888[0;1;37;47m8[0;5;37;47m@8888888888888@888888888888888888[0;1;37;47m8[0;5;37;47m@88X[0m
[0;5;37;47m8888@8888@88@8[0;1;37;47m8[0;5;37;47m@888@[0;1;37;47m8[0;5;37;47m8888@8[0;1;37;47m8[0;5;37;47m@8@8@8888@8@888@88@[0;1;37;47m8[0;5;37;47m888@88[0;1;37;47m8[0;5;37;47m@888@8[0;1;37;47m8[0;5;37;47m@888@[0;1;37;47m8[0;5;37;47m88888@[0;1;37;47m8[0;5;37;47m8@88888888@@8[0;1;37;47m8[0;5;37;47m@888@88888@8[0;1;37;47m8[0;5;37;47m@888@8[0;1;37;47m8[0;5;37;47m@8@8@8888@X[0m
[0;5;37;47m88@88@8[0;1;37;47m8[0;5;37;47m@8@88888@8@@888@88@8888@888888@88888@8@88@8@@888@8@8888@8@@888@8@8888@8@888@888888@8@8[0;1;37;47m8[0;5;37;47m8@8@8@88@8@8888@8@8888@8S[0m
[0;5;37;47m8888888[0;1;37;47m8[0;5;37;47m88888[0;1;37;47m8[0;5;37;47m888888[0;1;37;47m8[0;5;37;47m888888[0;1;37;47m8[0;5;37;47m88888[0;1;37;47m88[0;5;37;47m88888[0;1;37;47m88[0;5;37;47m88888[0;1;37;47m@St:. ..;tX8[0;5;37;47m88[0;1;37;47m8[0;5;37;47m88888[0;1;37;47m88[0;5;37;47m88888[0;1;37;47m8[0;5;37;47m88888[0;1;37;47m88[0;5;37;47m88888[0;1;37;47m88[0;5;37;47m88888[0;1;37;47m8[0;5;37;47m888888[0;1;37;47m8[0;5;37;47m888888[0;1;37;47m8[0;5;37;47m88888[0;1;37;47m88[0;5;37;47m888X[0m
[0;5;37;47m888888888888@8888888888888888888@88@888@88@88@[0;1;37;47m;[0;1;30;47m@88@88[0;5;37;40m88[0;1;30;47m88@@S[0;1;37;47m 8[0;5;37;47mX888@88@888888888@@88888@88@888@8888888888888888888@88@88X[0m
[0;5;37;47m888@8@888@8@88888@8@[0;1;37;47m8[0;5;37;47m88@8@8[0;1;37;47m8[0;5;37;47m@8@8@8888@8@888@[0;1;37;47mX[0;1;30;47mt888[0;5;36;40m :[0;5;30;40m88888X%[0;5;36;40m.[0;5;35;40m [0;1;30;47m8@%[0;1;37;47m:[0;5;37;47m888888@8@8[0;1;37;47m8[0;5;37;47m@8@88888@8@@888@8@88888@88[0;1;37;47m8[0;5;37;47m@88@@8[0;1;37;47m8[0;5;37;47m@8@8@8888@X[0m
[0;5;37;47m88@8@8888@8@8888@8@@888@8@888@8@88[0;1;37;47m8[0;5;37;47m@@8@8[0;1;37;47m8[0;5;37;47m@[0;1;37;47mX[0;5;37;40m8[0;5;36;40m [0;5;37;40m8[0;1;30;47m@X[0;5;37;40m@[0;5;30;40m8[0;1;30;40m8[0;5;30;40m88888[0;1;30;40m8[0;5;30;40m888[0;1;30;40m8[0;5;30;40mS[0;5;37;40mS[0;1;30;47m88:[0;1;37;47m8[0;5;37;47m888@88@888@@88[0;1;37;47m8[0;5;37;47m@8@8@8888@8@[0;1;37;47m8[0;5;37;47m8@8@@@88@8@8888@8@8888@8S[0m
[0;5;37;47m888888[0;1;37;47m88[0;5;37;47m88888[0;1;37;47m88[0;5;37;47m88888[0;1;37;47m8[0;5;37;47m888888[0;1;37;47m8[0;5;37;47m88888[0;1;37;47m8[0;5;37;47m8888[0;1;37;47m8[0;5;37;47m88[0;1;30;47m;[0;5;36;40m    [0;1;30;47mS8@[0;5;35;40m;[0;1;30;40m@[0;5;30;40m8[0;1;30;40m8[0;5;30;40m8[0;1;30;40m8[0;5;30;40m88[0;1;30;40m8[0;5;30;40m8888[0;1;30;40m8[0;5;35;40m.[0;1;30;47m@@@[0;1;37;47mt[0;5;37;47m888888[0;1;37;47m8[0;5;37;47m888[0;1;37;47m8[0;5;37;47m88[0;1;37;47m8[0;5;37;47m88888[0;1;37;47m88[0;5;37;47m88888[0;1;37;47m8[0;5;37;47m888[0;1;37;47m8[0;5;37;47m88[0;1;37;47m8[0;5;37;47m88888[0;1;37;47m88[0;5;37;47m88888[0;1;37;47m88[0;5;37;47m888@[0m
[0;5;37;47m88888888888888888888[0;1;37;47m8[0;5;37;47m888888[0;1;37;47m8[0;5;37;47m888888[0;1;37;47m8[0;5;37;47m888@[0;1;37;47mS[0;5;37;40m8[0;5;36;40m      [0;1;30;47m888[0;5;33;40m [0;5;30;40m@888[0;1;30;40m8[0;5;30;40m88[0;1;30;40m88[0;5;30;40m8[0;1;30;40m8[0;5;30;40m8[0;1;30;40m8[0;5;33;40mt[0;5;37;40mS[0;1;30;47m@8.[0;1;37;47mt.[0;1;30;47m .[0;1;37;47m:%[0;5;37;47m888888[0;1;37;47m8[0;5;37;47m888888[0;1;37;47m8[0;5;37;47m@88888[0;1;37;47m8[0;5;37;47m88888[0;1;37;47m8[0;5;37;47m88888888888888888X[0m
[0;5;37;47m8888888[0;1;37;47m8[0;5;37;47m@88888[0;1;37;47m8[0;5;37;47m@888@8888888888888888@[0;1;37;47m%[0;5;37;40m8[0;5;36;40m        [0;5;33;40m  [0;1;30;47m8@8[0;5;33;40m [0;5;30;40mX[0;5;33;40m%[0;5;34;40mS[0;5;33;40mt[0;5;35;40m.[0;5;36;40m [0;5;37;40mSS88[0;1;30;47m8[0;5;37;40m8[0;1;30;47m@8@888@@88X[0;1;37;47m%[0;5;37;47m8@888888888888888888@88@88888@8[0;1;37;47m8[0;5;37;47m@88888[0;1;37;47m8[0;5;37;47m@88X[0m
[0;5;37;47m8888@8888@8@8888@888[0;1;37;47m8[0;5;37;47m8888@8[0;1;37;47m8[0;5;37;47m@88@@8[0;1;37;47m8[0;5;37;47mS[0;1;30;47mt[0;5;36;40m         [0;5;37;40m%S@@[0;1;30;47m88@@8@8XX888888@8@@8@88@8@8:[0;5;37;47m@@8[0;1;37;47m8[0;5;37;47m@@8@8888@8@88888@88[0;1;37;47m8[0;5;37;47m88@8@88888@8888@8S[0m
[0;5;37;47m8888888[0;1;37;47m8[0;5;37;47m88888[0;1;37;47m8[0;5;37;47m8888888888888[0;1;37;47m8[0;5;37;47m888888[0;1;37;47m;[0;5;37;40m@[0;5;36;40m        [0;5;37;40m%[0;5;36;40m;[0;5;33;40m [0;1;30;47mS@@@8@888@88@@@@888@@8@8@8@8@88%[0;1;37;47mS[0;5;37;47m8[0;1;37;47m8[0;5;37;47m88888[0;1;37;47m8[0;5;37;47m888888[0;1;37;47m8[0;5;37;47m8888888888888[0;1;37;47m8[0;5;37;47m88888[0;1;37;47m8[0;5;37;47m8888X[0m
[0;5;37;47m888888888888@8888888[0;1;37;47m8[0;5;37;47m888888888888[0;5;37;40m8[0;5;36;40m          [0;5;30;40m8[0;1;30;40m8[0;5;30;40m8[0;5;33;40m;[0;5;37;40m@[0;1;30;47m@8@8@8@8@88@[0;5;37;40m8[0;5;30;40mS888X[0;5;36;40m:[0;5;37;40mS[0;1;30;47m@8@8@8@8@88t[0;1;37;47mX[0;5;37;47m@888@8[0;1;37;47m8[0;5;37;47m@88888888888[0;1;37;47m8[0;5;37;47m888888[0;1;37;47m8[0;5;37;47m@888@8[0;1;37;47m8[0;5;37;47m@88X[0m
[0;5;37;47m888@8@8[0;1;37;47m8[0;5;37;47m@8@888[0;1;37;47m8[0;5;37;47m@8@8@8888@88[0;1;37;47m8[0;5;37;47m@88X[0;1;37;47mt[0;5;36;40m         t[0;1;30;40m@[0;5;30;40m888[0;1;30;40m8[0;5;30;40m8[0;5;37;40m%[0;1;30;47mX88@8@8@8@88[0;5;36;40m;[0;1;30;40mX[0;5;30;40m888[0;1;30;40m88[0;5;37;40m@[0;1;30;47m@8@8@8@8@@88[0;1;37;47m;[0;5;37;47mX88@88888@88[0;1;37;47m8[0;5;37;47m@8@8@8888@88888@8@888@8S[0m
[0;5;37;47m8888@8888@8@888@88@8[0;1;37;47m8[0;5;37;47m8@88@888@8@8[0;5;37;40mX[0;5;36;40m       [0;5;30;40m@[0;1;30;40m8[0;5;30;40m8[0;1;30;40m8[0;5;30;40m8[0;1;30;40m8[0;5;30;40m888[0;5;35;40m:[0;5;37;40m8[0;1;30;47m@8@8@8@8@88[0;5;37;40mX[0;5;35;40m  [0;5;30;40mS8X[0;5;37;40m8[0;1;30;47mX8@8@88@8@8@8:[0;1;37;47m8[0;5;37;47m@8888@8@888@88@8[0;1;37;47m8[0;5;37;47m@8@8@88888@88888@X[0m
[0;5;37;47m8888888[0;1;37;47m8[0;5;37;47m88888[0;1;37;47m8[0;5;37;47m888888[0;1;37;47m8[0;5;37;47m888888[0;1;37;47m8[0;5;37;47m88888[0;1;37;47m8[0;1;30;47m%[0;5;36;40m    [0;5;30;40mX8888888[0;1;30;40m8[0;5;30;40m8[0;1;30;40m8[0;5;30;40m88[0;5;36;40m [0;1;30;47m8@8@8@8@88@@@@[0;5;37;40m%[0;5;30;40mS8[0;5;35;40m [0;1;30;47mX8@8@8@8@8@8@8.[0;1;37;47m8[0;5;37;47m8[0;1;37;47m8[0;5;37;47m88888[0;1;37;47m8[0;5;37;47m888888[0;1;37;47m8[0;5;37;47m88888[0;1;37;47m88[0;5;37;47m88888[0;1;37;47m88[0;5;37;47m888X[0m
[0;5;37;47m888888888888@8[0;1;37;47m8[0;5;37;47m@888@888888888888888[0;1;37;47m@[0;5;36;40m t[0;1;30;40m@[0;5;30;40m8[0;1;30;40m8[0;5;30;40m8[0;1;30;40m8[0;5;30;40m8[0;1;30;40m8[0;5;30;40m8[0;1;30;40m8[0;5;30;40m888[0;1;30;40m8[0;5;30;40m8[0;1;30;40m8[0;5;30;40mX[0;5;37;40m8[0;1;30;47mX88@8@8@8@88@@[0;5;37;40m@@[0;1;30;47m8@8@8@8@888@8X8t[0;5;37;47m88888888888888888888@88888@88888X[0m
[0;5;37;47m888@8@8[0;1;37;47m8[0;5;37;47m@@88@888@88@[0;1;37;47m8[0;5;37;47m88@888[0;1;37;47m8[0;5;37;47m@88@88[0;1;37;47m8[0;1;30;47mX[0;5;30;40mX[0;1;30;40m8[0;5;30;40m888[0;1;30;40m8[0;5;30;40m888[0;1;30;40m8[0;5;30;40m88[0;1;30;40m8[0;5;30;40m888888[0;5;36;40m [0;1;30;47mX@8@8@8@8@888@@@8@@88888[0;5;37;40m88@X%[0;1;30;47mS[0;1;37;47m8[0;5;37;47m8888@8@[0;1;37;47m8[0;5;37;47m888@88[0;1;37;47m8[0;5;37;47m@88@@8[0;1;37;47m8[0;5;37;47m@@8@8888@8S[0m
[0;5;37;47m88@88@8888@888888@8@8888@@888@88@[0;1;37;47m8[0;5;36;40mt[0;1;30;40mX[0;5;30;40m888[0;1;30;40m8[0;5;30;40m88[0;1;30;40m8[0;5;30;40m888[0;1;30;40m8[0;5;30;40m88[0;1;30;40m8[0;5;30;40m8[0;1;30;40m8[0;5;30;40m8[0;1;30;40m8[0;5;30;40m88@[0;5;36;40m [0;1;30;47m@@@8@@888[0;5;37;40m88@XS[0;5;35;40m [0;5;37;40mS[0;5;35;40m       [0;5;36;40m  [0;1;30;47m8[0;1;37;47mX[0;5;37;47m@@8[0;1;37;47m8[0;5;37;47m@@88@88@88@@888@8@8888@8@8888@X[0m
[0;5;37;47m8888888[0;1;37;47m8[0;5;37;47m@8888[0;1;37;47m8[0;5;37;47m888888[0;1;37;47m8[0;5;37;47m888888[0;1;37;47m8[0;5;37;47m888888[0;1;37;47m.[0;5;31;40mX[0;1;30;40m8[0;5;30;40m8[0;1;30;40m8[0;5;30;40m8888[0;1;30;40m8[0;5;30;40m8[0;1;30;40m8[0;5;30;40m8888[0;1;30;40m8[0;5;30;40m8888[0;1;30;40m8[0;5;30;40m888[0;5;36;40m;[0;5;35;40m [0;5;37;40m8[0;5;35;40m                    [0;1;37;47m.[0;5;37;47mX8888888888[0;1;37;47m8[0;5;37;47m888888[0;1;37;47m8[0;5;37;47m888888[0;1;37;47m8[0;5;37;47m@8888[0;1;37;47m8[0;5;37;47m8888X[0m
[0;5;37;47m8888888[0;1;37;47m8[0;5;37;47m888888[0;1;37;47m8[0;5;37;47m88888[0;1;37;47m8[0;5;37;47m888888[0;1;37;47m8[0;5;37;47m888888[0;1;37;47m88[0;5;36;40m [0;5;30;40m@88[0;1;30;40m8[0;5;30;40m8[0;1;30;40m8[0;5;30;40m888[0;1;30;40m8[0;5;30;40m8[0;1;30;40m8[0;5;30;40m888[0;1;30;40m8[0;5;30;40m8[0;1;30;40m8[0;5;30;40m88[0;1;30;40m8[0;5;30;40mS[0;5;35;40m.[0;5;33;40m   [0;5;35;40m            [0;5;37;40m%[0;5;35;40m    [0;1;30;47m@[0;1;37;47mS[0;5;37;47m@8888[0;1;37;47m8[0;5;37;47m8888888[0;1;37;47m8[0;5;37;47m88888[0;1;37;47m8[0;5;37;47m888888[0;1;37;47m8[0;5;37;47m888888[0;1;37;47m8[0;5;37;47m888X[0m
[0;5;37;47m888888888888@888888@888888888888888@S[0;1;37;47mX[0;5;36;40m [0;5;30;40m8888[0;1;30;40m8[0;5;30;40m888[0;1;30;40m8[0;5;30;40m88[0;1;30;40m8[0;5;30;40m88888X[0;5;33;40m       [0;5;35;40m         [0;5;37;40m%[0;5;35;40m    [0;1;30;47mX[0;1;37;47m@[0;5;37;47m@[0;1;37;47m8[0;5;37;47m@888@8[0;1;37;47m8[0;5;37;47m@8888888888@888888888888@88888S[0m
[0;5;37;47m888@8@8[0;1;37;47m8[0;5;37;47m@@8@8888@8@8[0;1;37;47m8[0;5;37;47m8@8@88[0;1;37;47m8[0;5;37;47m@@8@@8[0;1;37;47m8[0;5;37;47m@88%[0;1;30;47mS[0;1;30;40m@[0;5;30;40m888[0;1;30;40m8[0;5;30;40m8[0;1;30;40m8[0;5;30;40m88[0;1;30;40m8[0;5;30;40m88[0;1;30;40m8[0;5;30;40m8[0;1;30;40m8[0;5;36;40m:[0;5;33;40m       [0;5;37;40mS[0;5;33;40m [0;5;35;40m      [0;5;37;40m%[0;5;35;40m     [0;1;37;47m:[0;5;37;47mX8@888@88888@8@8888@@88[0;1;37;47m8[0;5;37;47m@8@8@8[0;1;37;47m8[0;5;37;47m@@8@88[0;1;37;47m8[0;5;37;47m@@8X[0m
[0;5;37;47m8888888888888[0;1;37;47m8[0;5;37;47m88888@8888888888888888888@[0;1;37;47m:[0;5;35;40m:[0;1;30;40m@[0;5;30;40m8888[0;1;30;40m8[0;5;30;40m888[0;1;30;40m8[0;5;30;40m8X[0;5;33;40m            [0;5;37;40mS[0;5;35;40m  [0;5;37;40mS[0;5;35;40m     [0;1;30;47m@[0;1;37;47m@[0;5;37;47m@888[0;1;37;47m8[0;5;37;47m888888[0;1;37;47m8[0;5;37;47m@8888[0;1;37;47m8[0;5;37;47m888888888888888888888888X[0m
[0;5;37;47m8888888[0;1;37;47m8[0;5;37;47m888888[0;1;37;47m8[0;5;37;47m@8888[0;1;37;47m8[0;5;37;47m888888[0;1;37;47m8[0;5;37;47m888888[0;1;37;47m8[0;5;37;47m88888[0;1;37;47m8[0;5;37;47m8[0;1;37;47m.[0;5;33;40mt[0;1;30;40mX[0;5;30;40m888[0;1;30;40m8[0;5;30;40m8[0;1;30;40m8[0;5;30;40mS[0;5;33;40m               [0;5;37;40mSSX8[0;1;30;47m@%:[0;1;37;47mS[0;5;37;47m@88888[0;1;37;47m8[0;5;37;47m@888888888888888888[0;1;37;47m8[0;5;37;47m888888[0;1;37;47m8[0;5;37;47m88888[0;1;37;47m8[0;5;37;47m8888X[0m
[0;5;37;47m888888888@8@88888@8@888888888888888888@@8888[0;5;36;40m [0;1;30;40m8[0;5;30;40m8888[0;5;35;40m:[0;5;33;40m         [0;5;37;40mX8[0;1;30;47m@;[0;1;37;47m:S88[0;5;37;47m@SSXX@[0;1;37;47m8[0;5;37;47m@888@8888@8@8[0;1;37;47m8[0;5;37;47m@88@8888888@8888@888888@@8888@X[0m
[0;5;37;47m888@@88888@8@888@88@[0;1;37;47m8[0;5;37;47m88@8@8[0;1;37;47m8[0;5;37;47m@@8@8888@88@888@X[0;1;30;47m;[0;5;35;40m ;[0;5;32;40mS[0;5;35;40m.[0;5;37;40mX8[0;1;30;47m@%;[0;1;37;47m.tS8[0;5;37;47m88[0;1;37;47m8[0;5;37;47mX@@@X888888@888@888[0;1;37;47m8[0;5;37;47m@88@8888@88@[0;1;37;47m8[0;5;37;47m88@8@8[0;1;37;47m8[0;5;37;47m8@88@8[0;1;37;47m8[0;5;37;47m@@88@8[0;1;37;47m8[0;5;37;47m@8@X[0m
[0;5;37;47m8888888[0;1;37;47m8[0;5;37;47m88888[0;1;37;47m8[0;5;37;47m888888[0;1;37;47m8[0;5;37;47m888888[0;1;37;47m8[0;5;37;47m888888[0;1;37;47m8[0;5;37;47m88888[0;1;37;47m8[0;5;37;47m88888@[0;1;37;47m8[0;5;37;47m8@@@@8[0;1;37;47m8[0;5;37;47m88888[0;1;37;47m8[0;5;37;47m888888[0;1;37;47m8[0;5;37;47m888888[0;1;37;47m8[0;5;37;47m888888[0;1;37;47m8[0;5;37;47m@8888[0;1;37;47m8[0;5;37;47m8888888[0;1;37;47m8[0;5;37;47m@8888[0;1;37;47m8[0;5;37;47m888888[0;1;37;47m8[0;5;37;47m888888[0;1;37;47m8[0;5;37;47m@88X[0m
[0;5;37;47m8888888[0;1;37;47m8[0;5;37;47m88888[0;1;37;47m8[0;5;37;47m8888888888888[0;1;37;47m8[0;5;37;47m888888[0;1;37;47m8[0;5;37;47m88888[0;1;37;47m8[0;5;37;47m888888[0;1;37;47m8[0;5;37;47m888888[0;1;37;47m8[0;5;37;47m888888[0;1;37;47m8[0;5;37;47m88888[0;1;37;47m8[0;5;37;47m888888[0;1;37;47m8[0;5;37;47m888888[0;1;37;47m8[0;5;37;47m888888[0;1;37;47m8[0;5;37;47m88888[0;1;37;47m8[0;5;37;47m888888[0;1;37;47m8[0;5;37;47m888888[0;1;37;47m8[0;5;37;47m@8888[0;1;37;47m8[0;5;37;47m8888X[0m
[0;5;37;47m888888888888@8888888[0;1;37;47m8[0;5;37;47m88888888@X@@@8888@X8888@@@88888@@8@8@@@88@@@8X88@88@@88@@8@@8@8@@X8@X@88@888888@88888@888888@88888X[0m
[0;5;37;47m888@8@888@8@88888@8@888@8@8[0;1;37;47m8[0;5;37;47mS[0;1;30;47mX[0;5;36;40mt[0;5;35;40mt[0;5;33;40mS[0;5;36;40m%[0;5;35;40m [0;1;37;47m@[0;5;37;47mX[0;1;37;47m8[0;5;36;40m ;[0;5;33;40m [0;5;37;47m8@[0;1;37;47m8[0;5;37;40m@[0;5;36;40mt[0;5;30;40m8[0;5;35;40m;[0;1;30;47m8[0;5;37;47m88[0;1;30;47m%[0;5;35;40m:[0;5;30;40m@[0;5;32;40m%[0;5;35;40m [0;5;37;47m8[0;1;30;47m:[0;5;30;40mX[0;1;30;47mX[0;5;37;47m@[0;1;37;47m8[0;5;37;40mS[0;5;33;40m;[0;1;37;47m;[0;5;37;47m@[0;5;35;40m :[0;5;33;40m [0;1;37;47m8[0;5;37;47m%[0;1;30;47m.[0;5;30;40mS[0;1;30;47m8[0;5;37;47m88[0;5;37;40mX[0;5;35;40mt[0;1;37;47m;%[0;5;36;40m%[0;5;33;40m [0;5;37;47mS8[0;5;33;40m ;[0;5;35;40mt[0;5;36;40mt[0;5;33;40m%[0;5;30;40m@[0;5;37;40mS[0;5;37;47m@8@[0;1;37;47m8[0;5;37;47m8@8@88[0;1;37;47m8[0;5;37;47m@8@8@8[0;1;37;47m8[0;5;37;47m@8@8@8[0;1;37;47m8[0;5;37;47m@@8S[0m
[0;5;37;47m88@8@88[0;1;37;47m8[0;5;37;47m@8@8@[0;1;37;47m8[0;5;37;47m8@8@8@[0;1;37;47m8[0;5;37;47m@@8@8@[0;1;37;47m8[0;5;37;47mS[0;5;37;40m8[0;31;40m%[0;5;36;40m [0;1;30;47mS[0;5;35;40m [0;5;30;40m8[0;5;35;40m%[0;5;37;47m8[0;1;37;47m.[0;1;30;40m8[0;5;30;40m8X[0;1;37;47mX[0;5;37;47mS[0;5;35;40m [0;1;30;40mX[0;5;35;40m [0;1;37;47m;[0;5;33;40m.[0;32;40mt[0;1;30;47mX;[0;1;30;40mS[0;5;33;40m;[0;1;30;47m:[0;5;37;40m8[0;1;30;40m8[0;5;35;40m.[0;1;37;47mt[0;1;30;40m8[0;5;35;40m [0;5;37;47m@[0;1;37;47mX[0;5;30;40m8[0;5;34;40mS[0;5;37;47m8[0;1;37;47mS[0;5;30;40m@88[0;1;37;47m:[0;5;37;47mt[0;1;30;47m%[0;1;30;40mX[0;5;37;40m@[0;5;37;47m@8[0;5;33;40m [0;1;30;40mX[0;1;37;47m%:[0;1;30;40mX[0;5;33;40m [0;5;37;47m%@[0;1;30;47mt8[0;5;36;40m.[0;1;30;40mX[0;5;35;40m [0;1;30;47mS;[0;5;37;47m@@@888@8@@88@@8@888@8@888@8@X[0m
[0;5;37;47m8888888[0;1;37;47m8[0;5;37;47m88888[0;1;37;47m8[0;5;37;47m888888[0;1;37;47m8[0;5;37;47m888888[0;1;37;47m8[0;5;37;47mX[0;5;37;40m8[0;1;30;40m8[0;1;30;47m%[0;5;37;47mt8[0;5;33;40m%[0;34;40m%[0;1;37;47mX[0;1;30;47m8[0;1;30;40m8[0;5;33;40mt[0;1;30;40mX[0;1;30;47m:[0;5;37;47mX[0;5;35;40m.[0;1;30;40m8[0;1;37;47m:[0;5;37;47m;[0;1;30;47m.[0;1;30;40m@[0;5;35;40m [0;1;30;47m@[0;34;40mt[0;1;30;47m8[0;5;37;47mS[0;1;37;47m@[0;5;30;40mS8[0;1;37;47mS[0;5;35;40m.[0;1;30;40m8[0;1;37;47m@[0;1;30;47m:[0;1;30;40mS[0;5;33;40m [0;5;37;47m:[0;1;30;47mS[0;1;30;40m8[0;5;33;40m%[0;34;40mS[0;1;30;47mS[0;5;37;47mt[0;1;30;47mX[0;1;30;40mS[0;5;37;40mX[0;5;37;47m88[0;5;33;40m [0;1;30;40m@[0;1;37;47mt:[0;1;30;40m@[0;5;33;40m [0;5;37;47mX88S[0;5;37;40m8[0;1;30;40mX[0;1;30;47m%[0;5;37;47mS8888[0;1;37;47m8[0;5;37;47m888888[0;1;37;47m8[0;5;37;47m888888[0;1;37;47m8[0;5;37;47m88888[0;1;37;47m8[0;5;37;47m8888X[0m
[0;5;37;47m888888888888@888888@8888888[0;1;37;47m8[0;5;37;47m%[0;5;37;40m8[0;1;30;40m@[0;5;36;40m.[0;5;37;40m@[0;5;35;40m.[0;1;30;40mX[0;5;37;40mX[0;5;37;47m8[0;5;33;40m%[0;5;30;40m8[0;1;30;47mS[0;1;30;40m8[0;5;35;40m [0;5;37;47mt[0;1;37;47m:[0;5;33;40m:[0;1;30;40m8[0;5;35;40m.[0;5;37;40m8[0;1;37;47mt[0;5;37;47m@[0;1;37;47m8[0;5;33;40m [0;5;30;40m@[0;5;31;40m%[0;5;36;40m [0;1;37;47m.8[0;5;37;47mS[0;1;30;47mX[0;1;30;40mS[0;1;30;47m%[0;5;37;40mX[0;1;30;40m8[0;1;37;47mt[0;5;37;47mS[0;5;33;40m.[0;1;30;40m8[0;1;30;47mt[0;5;30;40m@[0;5;33;40m:[0;5;37;47mS[0;1;30;47mS[0;1;30;40mS[0;5;37;40m@[0;5;37;47m@8[0;5;33;40m [0;1;30;40m@[0;1;37;47m;;[0;1;30;40m@[0;5;33;40m [0;5;37;47mS88S[0;5;37;40m8[0;1;30;40mS[0;1;30;47mS[0;5;37;47mS88888888888888888888888@8[0;1;37;47m8[0;5;37;47m@88X[0m
[0;5;37;47m8888@8888@88@8[0;1;37;47m8[0;5;37;47m@8@88[0;1;37;47m8[0;5;37;47m888@888X[0;5;37;40m8[0;1;30;40m@[0;5;30;40mS[0;5;36;40m;[0;5;35;40m;[0;1;30;47mS[0;5;37;47mS[0;1;37;47mt[0;1;30;40m@[0;5;36;40m [0;1;37;47m8[0;5;30;40m@[0;5;35;40m;[0;1;37;47m8[0;5;37;47mX%[0;1;37;47m:[0;5;36;40m [0;1;30;40m88[0;1;30;47m.[0;5;37;47mt;[0;1;37;47m@[0;5;37;40m@[0;5;30;40m@[0;34;40mt[0;5;37;40m8[0;5;37;47m%[0;1;37;47mt[0;1;30;40m8[0;5;33;40m t[0;5;30;40m@[0;5;37;47m8[0;1;37;47m8[0;5;30;40m@[0;5;36;40mt[0;1;37;47mS[0;5;33;40m%[0;1;30;40m@[0;1;37;47m8[0;1;30;47mt[0;1;30;40mS[0;5;37;40mX[0;5;37;47m@@[0;5;33;40m [0;1;30;40m@[0;1;37;47mt;[0;1;30;40m@[0;5;33;40m [0;5;37;47mS88S[0;5;37;40m8[0;1;30;40mS[0;1;30;47m@[0;5;37;47mS88@888888@8[0;1;37;47m8[0;5;37;47m888@88[0;1;37;47m8[0;5;37;47m@8@888888@X[0m
[0;5;37;47m888@888[0;1;37;47m8[0;5;37;47m@8888888888@88888@8[0;1;37;47m8[0;5;37;47mS[0;5;37;40m8[0;1;30;40mX[0;1;30;47m@[0;5;37;47m@88X[0;1;30;47mS[0;1;30;40m@[0;5;36;40m [0;1;30;47m:[0;5;34;40mS[0;1;30;40m8[0;1;37;47m.[0;5;36;40m t[0;1;37;47mt[0;5;37;47mt[0;1;30;47mX[0;1;30;40mS[0;5;35;40m [0;1;30;47mX[0;5;30;40m8[0;1;30;47mt[0;5;37;47mt[0;1;37;47m;[0;5;30;40mX@[0;1;37;47m@[0;5;37;47m8[0;5;33;40m:[0;1;30;40m@@[0;5;37;40m%[0;5;37;47mt[0;1;30;47m.[0;1;30;40mX[0;5;35;40mt[0;1;30;47m%[0;5;35;40mt[0;1;30;40mX[0;1;37;47m:[0;1;30;47mt[0;1;30;40mS[0;5;37;40mX[0;5;37;47m@@[0;5;33;40m [0;1;30;40m@[0;1;37;47m;:[0;1;30;40m@[0;5;33;40m [0;5;37;47m%@@S[0;5;37;40m8[0;1;30;40mS[0;1;30;47m@[0;5;37;47mS8888[0;1;37;47m8[0;5;37;47m888@8888888@888888@8[0;1;37;47m8[0;5;37;47m@88S[0m
[0;5;37;47m8888888[0;1;37;47m8[0;5;37;47m88888[0;1;37;47m8[0;5;37;47m888888[0;1;37;47m8[0;5;37;47m888888[0;1;37;47m8[0;5;37;47mS[0;5;37;40m@[0;32;40m;[0;1;30;47mS[0;5;37;47mX[0;1;37;47m88[0;5;37;47m8[0;5;36;40m [0;1;30;40m8[0;5;37;40m@[0;1;30;47m8[0;5;33;40m.[0;1;30;40mX[0;1;30;47m8.[0;1;30;40m8[0;5;30;40mX[0;5;35;40m.[0;5;30;40m8S[0;1;37;47m;X[0;5;33;40m;[0;1;30;40m8[0;5;36;40m:[0;5;30;40mX[0;1;30;40m8[0;1;30;47m@[0;5;37;47m8X[0;1;30;47m8[0;1;30;40m@8[0;1;37;47m.[0;5;37;47mS[0;5;35;40m [0;1;30;40m@[0;5;33;40m [0;1;30;47m8[0;5;36;40m [0;1;30;40m8[0;5;36;40m [0;5;37;47m8[0;5;36;40m [0;1;30;40m8[0;5;36;40m:[0;5;31;40mS[0;1;30;40m8[0;5;36;40m [0;5;37;47m%[0;1;30;47m:[0;1;30;40m8[0;5;30;40m@[0;5;33;40m%[0;5;30;40m@X[0;1;37;47m.[0;1;30;47m8[0;34;40m;[0;1;30;47mX[0;5;37;47mX88888[0;1;37;47m8[0;5;37;47m@8888[0;1;37;47m8[0;5;37;47m888888[0;1;37;47m8[0;5;37;47m88888[0;1;37;47m8[0;5;37;47m8888X[0m
[0;5;37;47m8888888888@8@88888888888888[0;1;37;47m8[0;5;37;47m@[0;1;37;47m;[0;1;30;47m%[0;1;37;47m%[0;5;37;47m@88[0;1;37;47m8[0;1;30;47m;;[0;5;37;47m8S[0;1;37;47m@[0;1;30;47mS.[0;5;37;47mX[0;1;37;47m8[0;1;30;47mX[0;5;37;40mX[0;1;30;47mX[0;5;37;47m8@88[0;1;30;47m;[0;5;37;40mX[0;1;30;47m8[0;1;37;47mX[0;5;37;47mX8@[0;1;37;47m@[0;1;30;47m%t[0;5;37;47m8@[0;1;30;47m.t[0;5;37;47m8X8[0;1;30;47m% [0;5;37;47m8X[0;1;37;47m [0;5;37;40mX8[0;1;37;47mS[0;5;37;47mS8[0;1;37;47mX[0;1;30;47m%SStt[0;1;37;47mXt[0;1;30;47mS[0;1;37;47mt[0;5;37;47m@88888888888[0;1;37;47m8[0;5;37;47m88888888888@88888S[0m
[0;5;37;47m888@8@888@88@[0;1;37;47m8[0;5;37;47m88[0;1;37;47m@[0;5;37;47m@[0;1;37;47m88[0;5;37;47m8[0;1;37;47m8%@[0;5;37;47m8@8[0;1;37;47mX%[0;5;37;47m8X@[0;1;37;47m@tS[0;5;37;47m@@@@[0;1;37;47m8@[0;5;37;47mX8[0;1;37;47m8[0;5;37;47m@@[0;1;37;47m@%8[0;5;37;47m@8[0;1;37;47m@[0;5;37;47m@@[0;1;37;47m@[0;5;37;47m@88[0;1;37;47mX@[0;5;37;47m@8@8[0;1;37;47m8[0;5;37;47m@@8[0;1;37;47m@[0;5;37;47m8X[0;1;37;47m8SSX[0;5;37;47mX8[0;1;37;47mSS[0;5;37;47m8@8X@X[0;1;37;47mXS[0;5;37;47m8888[0;1;37;47m%X[0;5;37;47m88[0;1;37;47m8S%S[0;5;37;47m8@[0;1;37;47mS%[0;5;37;47m88@@8[0;1;37;47m8[0;5;37;47m@8@8@8[0;1;37;47m8[0;5;37;47m@@8X[0m
[0;5;37;47m8888888[0;1;37;47m8[0;5;37;47m@888@8@[0;1;37;47m.[0;5;37;40m8[0;1;37;47m:[0;5;37;40m8[0;5;37;47m@[0;1;37;47m;[0;5;37;40mS[0;1;37;47m@[0;1;30;47mXX[0;5;37;47mt[0;1;30;47m@@[0;1;37;47m@[0;5;37;40mS[0;1;37;47m%[0;5;37;47m@[0;5;35;40m [0;1;37;47m;[0;1;30;47m%[0;5;37;40m8[0;5;37;47mS8X[0;1;30;47m;8[0;5;37;47m%[0;1;30;47m;[0;5;37;40m8[0;5;37;47mt[0;5;37;40m8[0;1;30;47m;[0;1;37;47m%[0;5;33;40m [0;1;37;47m8[0;5;37;47m8[0;5;35;40m [0;5;37;47m8[0;1;37;47m8[0;5;35;40m [0;5;37;47m@8[0;5;33;40m [0;1;37;47m:[0;1;30;47m8.[0;5;37;47m@8X[0;5;37;40mX[0;1;37;47m;[0;5;37;47m@@[0;1;30;47m8%[0;5;37;47m;[0;1;30;47m@8[0;1;37;47m@S[0;5;37;47m8[0;5;37;40mS[0;1;37;47m;.[0;5;37;40m@[0;5;37;47m8[0;1;37;47m8[0;5;37;47m8X[0;5;37;40m8[0;1;30;47mt[0;1;37;47mS[0;5;33;40m [0;1;37;47m8[0;5;37;47m8[0;5;37;40m@[0;1;37;47m%[0;1;30;47m;[0;5;37;40m8[0;5;37;47mS[0;1;37;47m.[0;5;37;40mS[0;1;37;47mXS[0;5;37;47mX[0;1;30;47m8S[0;1;37;47mX[0;5;37;40mS[0;1;37;47mX[0;5;37;47m@8888888888888X[0m
[0;5;37;47m8[0;1;37;47m8[0;5;37;47m8888[0;1;37;47m88[0;5;37;47m888[0;1;37;47m8[0;5;37;47m8[0;1;37;47m8[0;5;37;47m8[0;1;37;47m;[0;5;36;40m;[0;5;37;40mS[0;5;37;47m8@[0;1;30;47m [0;5;35;40m [0;1;37;47mt[0;5;37;40m@8[0;5;37;47m%[0;5;37;40m88[0;1;37;47m:[0;5;35;40m [0;1;37;47m;[0;5;37;47m@[0;5;37;40mS[0;1;37;47mX;[0;5;37;40mX[0;5;37;47m8[0;1;37;47m8[0;5;37;47mX[0;1;30;47mt8[0;5;37;47mS[0;1;30;47m;8[0;5;37;47mX[0;5;37;40mS[0;1;37;47mt[0;5;37;47m@[0;5;37;40m@[0;1;37;47mt[0;5;37;47m8[0;5;37;40mS[0;1;37;47m88[0;5;37;40mX[0;1;37;47m8[0;5;37;47m8[0;5;37;40mS[0;1;37;47m@[0;5;37;47m8[0;1;37;47m88[0;5;37;47m88[0;5;37;40mX[0;1;37;47m:[0;5;37;47m@8[0;1;30;47m8%[0;5;37;47mt[0;1;30;47m@8[0;1;37;47m@@8[0;5;36;40m [0;1;30;47m.%[0;5;36;40m [0;5;37;47m8[0;1;37;47m8[0;5;37;47m8@[0;1;37;47m.[0;5;35;40m [0;1;37;47m@8@[0;5;37;47m8[0;1;37;47m8.[0;1;30;47m@[0;5;37;40mX[0;5;37;47m@[0;1;37;47m [0;5;37;40mS[0;1;37;47mX@[0;5;37;47m@[0;5;37;40m@[0;1;30;47m8[0;1;37;47m [0;5;36;40m [0;1;37;47mt[0;5;37;47m@8[0;1;37;47m88[0;5;37;47m888[0;1;37;47m8[0;5;37;47m8[0;1;37;47m88[0;5;37;47m888X[0m
[0;5;37;47m8@8888@8888@@8@[0;1;37;47m;[0;5;35;40m.[0;5;37;40mX[0;1;37;47m%[0;5;37;47m%[0;1;37;47m.[0;5;37;40mS[0;1;37;47m%.S[0;5;37;47m%[0;5;37;40m8[0;1;30;47mX[0;1;37;47m%:8[0;5;37;47m@[0;5;35;40m [0;1;30;47m;@%[0;5;37;47mX8S[0;1;37;47m;[0;5;37;40mS[0;1;37;47m;[0;5;37;40m8[0;1;30;47mt[0;5;37;47m%[0;5;37;40mS[0;1;37;47m%[0;5;37;47mX[0;5;37;40mS[0;1;37;47m%[0;5;37;47m8[0;5;35;40m [0;5;37;47m@[0;1;37;47m8[0;5;37;40mS[0;5;37;47m88[0;5;37;40m%[0;1;37;47m@[0;5;37;47mX888X[0;5;37;40mX[0;1;37;47m;[0;5;37;47mXX[0;1;30;47m8t[0;5;37;47m;[0;1;30;47mX[0;5;37;40m@[0;1;37;47m:@[0;5;37;47m8[0;5;36;40m [0;1;37;47m;;%[0;5;37;47m@888[0;1;37;47m8X[0;1;30;47m8S[0;5;37;47m8[0;1;37;47m8[0;5;37;40mS[0;1;37;47m;[0;1;30;47mt[0;5;37;40mX[0;5;37;47mS[0;1;37;47m:[0;5;35;40m [0;1;37;47m:S[0;5;37;47mS[0;5;37;40m@[0;1;30;47mX[0;1;37;47mt:[0;5;37;47m88888888@@88888X[0m
[0;5;37;47m888@8@8[0;1;37;47m8[0;5;37;47m@8@88[0;1;37;47m8[0;5;37;47mX[0;1;37;47m:[0;5;37;40m8[0;5;37;47m@[0;5;37;40mS[0;1;37;47mSS[0;5;37;40mS[0;1;37;47m;[0;1;30;47m8%[0;5;37;47mt[0;1;30;47m%8[0;1;37;47m:[0;5;37;40mX[0;1;37;47mX[0;5;37;47mX[0;5;37;40mX[0;1;37;47mS[0;5;37;47m8@@88@8[0;5;33;40m [0;1;37;47m@[0;5;37;47mX@[0;1;30;47m8%[0;1;37;47m.[0;5;37;40mS[0;1;37;47m@[0;5;37;47mX[0;5;37;40m8[0;1;30;47m.:[0;5;37;40mS[0;5;37;47m88[0;5;37;40mS[0;1;37;47m@[0;5;37;47mX888X[0;5;37;40mX[0;1;30;47m%[0;1;37;47m;[0;5;37;47m8[0;1;30;47m8t[0;5;37;47m;[0;1;30;47m@t[0;5;37;47mS[0;1;37;47m8[0;5;37;47m@[0;5;37;40m8[0;1;30;47m.;[0;5;37;40m8[0;5;37;47m@[0;1;37;47m8[0;5;37;47m@X[0;1;30;47m8X[0;1;37;47m;[0;5;37;40mS[0;1;37;47mX8[0;5;37;40mX[0;1;37;47m.[0;1;30;47m@[0;5;37;40m8[0;5;37;47mS[0;1;37;47m.[0;1;30;47m8[0;5;37;47mX8X[0;1;30;47mX@[0;1;37;47m:[0;5;37;40mS[0;1;37;47m@[0;5;37;47mX88[0;1;37;47m8[0;5;37;47m@8@8@888@8S[0m
[0;5;37;47m8@@8@@88@@8@@888[0;1;37;47m8[0;5;37;47m@8[0;1;37;47m@[0;5;37;47m@8[0;1;37;47m;@[0;5;37;47mX8X[0;1;37;47mSt[0;5;37;47m8X8[0;1;37;47m8[0;5;37;47m888@@@@8[0;1;37;47m@[0;5;37;47m8@@X[0;1;37;47mX:[0;5;37;47m8@@@[0;1;37;47mt8[0;5;37;47m888[0;1;37;47m8[0;5;37;47m8@888@[0;1;37;47m8;;88[0;5;37;47m8@[0;1;37;47m8[0;5;37;47m8@88X[0;1;37;47m%S[0;5;37;47mX888@X[0;1;37;47mXt[0;5;37;47m88@8[0;1;37;47mt[0;5;37;47m888[0;1;37;47m88[0;5;37;47m@8@X[0;1;37;47mSt[0;5;37;47m8X8@88@8@@8888@@X[0m
[0;5;37;47m888888[0;1;37;47m88[0;5;37;47m88888[0;1;37;47m8[0;5;37;47m8888[0;1;37;47m8[0;5;37;47m8[0;1;37;47m8[0;5;37;47m888888[0;1;37;47m8[0;5;37;47m88888[0;1;37;47m88[0;5;37;47m888[0;1;37;47m8[0;5;37;47m8[0;1;37;47m8[0;5;37;47m8888[0;1;37;47m8[0;5;37;47m88888888[0;1;37;47m8[0;5;37;47m88888[0;1;37;47m88[0;5;37;47m8888@[0;1;37;47m8[0;5;37;47m888888[0;1;37;47m8[0;5;37;47m88888[0;1;37;47m88[0;5;37;47m88888[0;1;37;47m88[0;5;37;47m88888[0;1;37;47m8[0;5;37;47m888888[0;1;37;47m8[0;5;37;47m888888[0;1;37;47m8[0;5;37;47m88888[0;1;37;47m88[0;5;37;47m888X[0m
[0;5;37;47m888888@88888@88888@@888888888888@88888@@88888@@[0;1;37;47m8[0;5;37;47m88888888888888888@@888888888888@@88888@88@888@8888888888888888888888@88X[0m
[0;5;37;47m8888@@888@88@8[0;1;37;47m8[0;5;37;47m@8@8@[0;1;37;47m8[0;5;37;47m8@8@88[0;1;37;47m8[0;5;37;47m@@88@8888@8@8888@8@888@8@8[0;1;37;47m8[0;5;37;47m@8@8@888@88@[0;1;37;47m8[0;5;37;47m8@8@88[0;1;37;47m8[0;5;37;47m88@888[0;1;37;47m8[0;5;37;47m@8@8@8888@888888@888888@@8[0;1;37;47m8[0;5;37;47m@88@@8888@X[0m
[0;5;37;47m88@8888[0;1;37;47m8[0;5;37;47m@8@8888@8@8@888@8@8888@8@8[0;1;37;47m8[0;5;37;47m@@8@8888@88@[0;1;37;47m8[0;5;37;47m@88@88888@8@8888@8@888@8@@888@8@888@88@8[0;1;37;47m8[0;5;37;47m@@8@8[0;1;37;47m8[0;5;37;47m8@88@8[0;1;37;47m8[0;5;37;47m@8@88888@88@8[0;1;37;47m8[0;5;37;47m@@8S[0m
[0;5;37;47m8888888[0;1;37;47m8[0;5;37;47m88888[0;1;37;47m8[0;5;37;47m888888[0;1;37;47m8[0;5;37;47m888888[0;1;37;47m8[0;5;37;47m88888[0;1;37;47m8[0;5;37;47m888888[0;1;37;47m88[0;5;37;47m88888[0;1;37;47m8[0;5;37;47m888888[0;1;37;47m8[0;5;37;47m88888[0;1;37;47m88[0;5;37;47m88888[0;1;37;47m8[0;5;37;47m888888[0;1;37;47m8[0;5;37;47m888888[0;1;37;47m8[0;5;37;47m88888[0;1;37;47m8[0;5;37;47m888888[0;1;37;47m8[0;5;37;47m888888[0;1;37;47m8[0;5;37;47m888888[0;1;37;47m8[0;5;37;47m88888[0;1;37;47m8[0;5;37;47m8888@[0m
[0;5;37;47m888888888888@888888888888888888888888888888888@8888888888888888888888888888888888888888888888@8888888888888888888888888S[0m
[0;5;37;47m8888@88888@888[0;1;37;47m8[0;5;37;47m@888@[0;1;37;47m8[0;5;37;47m8888@8[0;1;37;47m8[0;5;37;47m@88@@8[0;1;37;47m8[0;5;37;47m@888@888@8888888@88[0;1;37;47m8[0;5;37;47m@88@@888@8@@[0;1;37;47m8[0;5;37;47m888888[0;1;37;47m8[0;5;37;47m@88@88[0;1;37;47m8[0;5;37;47m@88@@8[0;1;37;47m8[0;5;37;47m@888@[0;1;37;47m8[0;5;37;47m8@88@8[0;1;37;47m8[0;5;37;47m@8@8@8[0;1;37;47m8[0;5;37;47m@88@@8[0;1;37;47m8[0;5;37;47m@8@X[0m
[0;5;37;47m888@8@8[0;1;37;47m8[0;5;37;47m@88@8888@88@88@888@888@888888@888888@8@[0;1;37;47m8[0;5;37;47m8@88@888@8888[0;1;37;47m8[0;5;37;47m@888@888@8@@88888@8888@88888@88@888888@88888@888@888888@8X[0m
[0;5;37;47m@@@@@8@8@@@@@88@@@@888@@@@88@@@@@88@@@@@88@@@@@8@@@@@88@8@@@88@@@@@88@@@8@88@@@@88@@@@@88@@@@@88@@@@888@@@@88@8@@@88@@@S[0m
